96 92 -0.159749954939 -0.937303423882
96 92 -0.0529799461365 -0.0402369648218
95 92 -0.162705476396 0.0133449733257
95 91 -0.756549946964 -0.0942489504814
95 91 -0.0887866280973 0.0258708819747
94 91 -0.115340434015 -0.00161515921354
95 91 0.117920801044 0.038196480833
94 91 -0.0719546936452 -0.0420655980706
94 92 -0.161079328973 0.950625121593
93 93 -0.822952948511 1.05726724863
91 99 -2.96156168729 5.05799600296
86 109 -4.28996708617 10.3304209858
83 122 -3.62983056903 13.2701734006
80 131 -2.90080612153 8.39865657734
77 141 -2.26550089568 10.1380990703
78 144 0.127340205014 2.90318484604
77 143 -0.0860421061516 -0.105106249452
77 141 -0.0335541069508 -1.96568727493
79 139 1.07520545274 -2.90506073087
81 131 1.99498816207 -7.14675876498
83 122 2.06675802916 -8.98558411002
86 110 3.52736448869 -12.1379460134
91 100 5.34485477582 -9.82548607513
94 93 3.04296360165 -7.23910644278
97 92 2.04500308633 -1.73194551468
98 90 0.992596291006 -1.11747643352
97 89 -0.0772448703647 -0.913101792336
97 90 0.0386484861374 0.843873895705
