196 92 -0.164531841874 0.0363821536303
196 91 0.0181061625481 -1.0276665017
196 92 0.00798043422401 0.189848944545
196 91 0.00482538342476 -0.301715135574
196 91 -0.432976448908 -0.720873273909
196 91 -0.412717804313 0.0423733144999
194 90 -1.17273496091 -0.238807305694
194 91 -0.0288379490376 0.250574573874
194 91 -0.189040843397 0.750283382833
194 95 0.152523297817 3.16795482486
194 104 -0.89396455884 9.22153388709
195 119 1.05586913973 15.5374680534
194 128 -0.151777520776 8.69905402139
195 137 0.268936712295 8.57676955871
195 139 -0.177895456553 2.78797224164
194 141 -0.990297572687 1.1655780226
194 138 0.12007137388 -2.20137193054
193 135 -0.254092976451 -2.96619182825
195 129 1.16762421373 -6.10781987943
195 121 0.437410254381 -8.72775660455
195 111 -0.283765804023 -9.10474886
195 104 0.549879290164 -7.38971736189
194 99 -0.863537319005 -5.5012666136
194 96 0.0943005755544 -2.9147849679
194 96 -0.797769393772 -0.0609406381845
194 95 -0.0239041298628 -0.222301840782
194 96 0.0177417099476 0.695628287271
194 96 0.0522080250084 -0.0912737846375
