142 51 0.107304494828 0.00978089123964
141 51 -0.062460962683 0.000598721206188
142 52 0.0900543853641 0.122046120465
142 51 -0.0486556664109 -0.125229002908
142 51 0.00360575318336 -0.00677927414654
141 51 -0.0429628789425 -0.205998891965
141 51 0.0159033760428 -0.189037165605
141 51 -0.0291578583419 -0.308236525394
141 51 0.00763922929764 0.446578916162
141 51 -0.0151776783168 0.269608221948
142 52 0.0806200951338 0.0910918071168
141 54 -0.110951799899 2.02777272463
141 56 -0.114897881635 2.04484499991
140 66 -0.806608315557 10.9070599079
140 73 -0.0342939309776 6.98206979781
140 82 0.033112835139 8.13243156299
141 90 0.0110556259751 8.86131519824
140 98 -0.579538528691 7.22987888753
140 104 -0.316441647708 6.00769323017
139 107 -0.23187540099 2.97620899975
139 109 0.0332324877381 1.96038404107
139 110 -0.0154121220112 0.975347749889
139 108 -0.0125449374318 -1.28427439183
139 106 0.00377294421196 -1.85685487837
139 102 0.0920325256884 -4.01098750532
140 98 0.973555065691 -4.89066980779
141 92 0.0950447395444 -5.99972884357
142 86 1.04128261656 -6.04175844043
143 79 0.939806919545 -6.98847455159
144 73 1.17879034625 -5.12761875987
145 69 1.1217873469 -4.85142248869
147 64 1.76774221659 -4.06561083347
148 60 0.957535855472 -4.06033983082
148 58 0.864089291543 -1.95301445946
149 57 0.975012045354 -1.17163468897
149 55 0.0892125889659 -2.79154226929
149 53 -0.0535349212587 -1.05842898786
150 53 0.12705886364 -0.0164822470397
149 52 -0.0581910922192 -0.94489838928
150 53 0.131400062703 0.0315436646342
