186 92 0.0935200974345 0.322194237262
186 93 0.0501658022404 0.972454965115
185 93 -0.345942690969 0.0225883647799
185 93 0.0488045144593 0.0146282091737
184 92 -0.922497749329 -0.118764445186
184 93 0.00761467963457 0.0239352583885
183 93 -0.97842015326 0.88682679832
184 95 0.0230221748352 1.33513118699
182 101 -1.1046307981 5.83011530247
181 112 -1.54932320397 11.6690016985
178 129 -2.42370828986 16.8474918604
177 139 -1.15181779303 9.55195516348
176 141 -1.15627702698 1.92091238126
177 138 0.379309915006 -2.12904453278
176 134 -0.0286853159778 -4.82722133398
177 127 0.101659633219 -6.10392341018
177 120 0.155320867896 -7.24579366617
177 113 0.707301162183 -6.79653517157
178 104 0.0654032751918 -8.95776031911
177 98 -0.96175697865 -6.9808573015
176 94 -0.196075290442 -3.1840384081
177 95 0.259386517107 0.188134923577
177 95 -0.047652233392 0.0751687735319
177 94 0.122844159603 -0.0903835594654
177 95 -0.133766829967 0.104910716414
177 95 0.0511676371098 0.0229715305613
