164 87 0.976062927395 -0.22759744525
164 87 -0.130844391882 0.155960127711
165 87 0.270798325539 -0.0196890812367
164 87 -0.129145942628 -0.152799241245
165 87 0.158525273204 0.165602102876
165 87 -0.0164384841919 -0.0920640444383
164 87 -0.0910855233669 -0.081585302949
165 87 0.152312070131 0.115151144564
165 88 -0.0352386273444 0.86451049149
165 92 -0.00180380698293 3.30431428552
165 96 0.778734326363 4.73753259331
166 105 1.09113716544 8.33410747536
166 120 -0.903239048086 14.9005173668
163 133 -2.25592364743 12.9709287882
163 138 -0.603647049516 5.85311762989
162 139 -0.346810385585 0.204810148105
161 137 -0.88047337532 -1.1554296565
161 134 -0.0348040387034 -3.06067249179
162 130 0.211298183538 -4.01085501909
162 125 0.700361339375 -5.86423853785
163 115 0.188444904983 -9.84477906302
163 105 -0.0067648217082 -9.27890847623
164 97 1.0056039542 -8.88630366325
164 92 0.0959993042052 -4.87554646283
164 92 0.649324811995 -0.110563188791
164 91 0.159515082836 -0.0399728436023
165 90 0.0434874333441 -1.0123994872
164 91 -0.302457153797 0.294711560011
