247 93 -0.0026704929769 -0.187990523875
247 93 -0.896293461323 0.0107835531235
246 93 -0.217907715589 -0.732117421925
245 92 -0.888770099729 -0.190338619053
244 93 -1.04254810512 0.0980855077505
244 93 -0.767236784101 -0.0447669997811
243 93 -0.745058454573 -0.0286792367697
242 94 -0.400615125895 1.02182237431
242 95 -0.0386875644326 1.16421544552
243 99 0.175280362368 3.92164672166
244 112 1.17811152153 12.9349702746
248 123 3.93146119313 11.8949049264
250 133 1.81025502086 9.09624988958
250 139 0.105561344884 6.08460533619
250 139 -0.0481286123395 0.771831303835
249 138 -0.993066348135 -0.920402869582
249 137 -0.094309002161 -1.96609963477
248 134 -0.794940925203 -3.00259354711
247 130 -0.275519132614 -3.94881767035
245 123 -1.97204041481 -6.2514097169
242 113 -3.03151004016 -10.6696947254
241 103 -1.77045392245 -10.0677976571
239 97 -1.20063841809 -5.2275146395
237 94 -2.09871940315 -3.82157328725
237 93 -0.685445398092 -0.670535674319
236 93 -0.25698261708 -0.154166914523
236 92 0.0174269787967 -0.27958253026
236 93 0.0457722693682 0.266498616431
