186 54 -0.071450971067 0.0998756068293
186 54 0.0 0.0
186 54 -0.875062737614 -0.0465027242899
185 53 -0.154943548143 -0.176080420613
185 53 -0.0204611308873 -0.0375445783138
185 53 0.0 0.0
185 53 -0.388953410089 -0.85718755424
185 53 -0.503959719092 0.0144543871284
185 52 0.0133261233568 -0.139110215008
184 52 -0.145332999527 0.0725898444653
185 52 0.117499720305 -0.007977463305
184 53 -0.0527136176825 0.924798645079
185 54 0.0384985134006 1.03775007278
185 57 -0.00044135376811 2.12559952587
184 59 -0.797670884058 2.73855715618
184 62 -0.173689544201 2.99072987214
184 68 0.150704770465 5.27099306881
185 73 1.78997263312 5.92132728547
186 80 1.00351782516 6.14819942415
187 90 0.1037304122 10.6146665215
187 96 -0.00936070084572 5.28021116555
187 100 -0.058693036437 4.62943409756
187 108 0.960909228772 7.73697264493
187 114 -0.0444450974464 5.72788039315
187 116 -0.0509386211634 1.92950454727
187 116 0.0913656502962 0.713376989588
188 115 0.132320448756 -0.759277679026
188 115 -0.0963510423899 -0.983709000051
188 111 0.0647926963866 -3.9886981789
187 102 -0.508581432048 -8.85541974753
186 96 -0.64604626596 -5.25796332024
186 92 -0.315919953398 -4.70701720566
185 84 -0.713957585394 -7.34815683961
184 77 -0.913890857249 -7.13570829481
184 73 -0.0632009916008 -3.7509816885
184 70 -0.739926666021 -3.57212229073
184 66 -0.168596249074 -4.35334606469
183 62 -0.796445358545 -3.33558574133
182 60 -0.226530648768 -1.7456086427
183 59 0.0134025663137 -1.03207418323
182 59 -0.0442068874836 0.0519930906594
183 59 0.0940911993384 -0.421131376177
183 59 0.0122050195932 -0.474847216159
