116 54 0.11965790391 0.582244394347
116 54 0.0173571445048 0.279628038406
116 54 0.0430073104799 0.0600716769695
116 54 0.832719426602 -0.0698724426329
117 54 0.0743864327669 -0.0750089718495
117 54 0.034410789609 0.161946449429
117 54 0.0 0.0
117 53 0.0168261639774 -1.05348080769
117 54 0.0116417837562 0.069840233773
117 54 0.864309340715 0.0416989028454
118 54 0.402450575493 0.868057906628
119 56 0.761727623641 1.11147963721
119 59 0.880489280447 2.98308288399
120 64 0.118035476655 5.01898335293
121 70 0.949765022844 6.56822137907
121 80 -0.0416974099353 10.1880504116
121 92 0.0438548605889 11.231660895
120 105 -0.240517993312 13.8019979745
119 119 -0.912872804329 13.8389396966
118 128 -0.92466408154 8.34447286278
117 134 -0.980065097567 6.05598561093
118 136 0.0725658014417 2.93035981804
118 137 -0.0134794861078 0.846652038395
118 137 0.896818108857 -0.82408234477
118 133 -0.0499981306493 -3.97846611589
119 127 0.226486945525 -5.04927109182
120 121 1.01076109335 -6.95407588035
121 112 0.998777419329 -8.754891105
122 102 1.74779554829 -10.1981282234
124 92 1.12979997694 -9.18986427784
125 85 1.90602077544 -7.86997175962
126 77 1.08326224238 -7.09548671357
128 71 1.0557615757 -6.03613474965
129 66 1.61987496354 -5.63098524511
130 61 0.401357298717 -4.29448193312
131 59 0.982411839068 -2.95278144255
130 56 -0.083144299686 -2.04129135609
131 55 0.121921412647 -1.05621394515
131 54 0.0676125679165 -1.06698223948
131 53 -0.131178693846 -0.88960929215
