166 53 -0.227400060743 -0.0859156921506
166 53 -0.564986631274 -0.0312321484089
166 53 0.0 0.0
166 53 0.0 0.0
165 53 -0.0721799954772 0.708361010998
166 53 0.0299649052322 0.24643497169
164 54 -1.01007023454 0.13648044318
164 54 -0.172977726907 0.785998627543
163 56 -0.8794234097 1.13769474626
163 58 -0.914307594299 2.03725387156
162 61 -0.918006706983 3.89506116137
161 70 -0.949182394892 8.04710416496
160 74 -0.290140509605 3.98706832528
161 79 0.134990535676 5.07103301398
160 84 -0.044588316232 4.98657629639
160 84 -0.193101584911 0.894506976008
160 84 -0.665208540857 0.000968217849731
160 84 -0.011921942234 -0.940825995058
159 81 -0.0897776074708 -2.14161020517
160 79 0.0798742622137 -2.21973026544
160 76 0.117817942053 -3.38805759698
160 73 0.168510543648 -3.18789242208
161 69 0.746171295643 -3.44924706779
161 65 0.845093876123 -4.59884784743
162 61 0.138312159106 -3.97854629159
163 57 1.02048213035 -3.0722635421
163 56 -0.00519615865778 -1.11131519079
163 56 0.750868868083 -0.846327513456
163 55 -0.0485367849469 -1.01495796442
163 55 0.0 0.0
163 55 0.0962373279035 0.105078950524
163 55 -0.332736130804 -0.0915261805058
163 55 0.0 0.0
