226 58 0.0763672888279 -0.0399958882481
225 58 -0.973260708153 0.00610107555985
224 58 -0.476649890654 -0.0421785637736
223 57 -0.721963196993 -0.117842558771
222 57 -0.872185193002 -0.523195602
222 57 -0.721259582788 -0.340556591749
221 57 -0.328127287328 -0.00681714713573
221 56 -0.8339439556 -0.0346647687256
221 58 -0.104183338583 1.04385220259
220 60 -0.780336537398 2.01825010777
220 63 -0.227242469788 3.05699767172
219 67 -0.0739957094193 4.79042922333
220 75 0.110654857359 7.1199589707
220 82 0.317856192589 6.99904578924
220 92 0.524862363935 10.1678430736
221 102 0.16525426507 10.1450407673
220 111 -0.215310445987 8.70325928926
219 118 -0.847175754607 7.56860978343
219 125 -0.143086992204 6.41771032661
219 131 0.074215978384 6.91384679824
220 136 0.26174512133 4.16078353673
220 140 -0.0878763273358 4.25243550353
219 142 -0.137559546158 1.7601633966
219 143 -0.8932120502 1.30051951297
217 142 -1.06205544621 -0.519813194871
217 140 -0.0553796850145 -1.95799998194
216 136 -1.06116072088 -3.93684217334
216 131 -0.856396086514 -5.26018661074
215 124 -0.955007053912 -7.67282064259
213 115 -1.10986542702 -8.1541813761
211 107 -2.06373053789 -8.06536463648
210 97 -1.84329579771 -10.0189310163
208 89 -1.83835348487 -8.59528194368
206 82 -1.27995067835 -6.26280485466
204 75 -2.00642310083 -6.99700348452
203 69 -1.85903349891 -6.88669676334
201 63 -1.17734018853 -6.01256664842
200 58 -1.84284860641 -5.05245969445
198 53 -1.11171497405 -4.23371873237
198 50 -0.123990520835 -2.88575699925
198 48 -0.692078959197 -1.92692072503
198 47 -0.0162546038628 -1.91257080436
197 46 -0.147659733891 -0.173688773066
198 46 0.0548261329532 -0.57871385105
197 46 -0.0943018682301 -0.287420967594
