172 45 0.00956217199564 0.0698635345325
173 45 0.0932248607278 -0.0803935918957
172 45 -0.131296198815 0.112346431939
173 45 0.133191272616 -0.0224256403744
173 45 0.0153682231903 0.0341392606497
172 46 -0.100808553398 0.0735462084413
172 45 -0.0567547902465 -0.0537066236138
173 45 0.0905877202749 -0.00600376725197
173 45 0.0431963801384 -0.0453794002533
172 46 -0.143146753311 0.437124059536
172 46 0.0729267671704 0.581396348774
173 48 0.0394055172801 1.77739528753
173 52 0.855536121875 4.13725779206
174 56 0.318026810652 4.07962249219
175 63 1.73355956376 6.18355476856
176 70 0.851423015818 6.93674637377
177 76 0.239897891879 5.93827070296
177 83 0.563833929598 7.07144041359
177 90 0.372688598931 7.85042560101
178 95 0.873241748661 4.85498146713
179 100 0.41394983232 5.06775403023
180 106 0.90726582706 5.29814775288
181 111 1.01194772124 5.78309612721
181 117 0.643186694011 5.90920331329
183 122 1.21662906557 5.1465511322
183 129 0.182645878289 6.09576119483
183 133 0.68270418793 3.92861270672
184 137 0.168654553592 4.00839634333
183 140 -0.0701131746173 3.42059617303
183 142 -0.0163612361066 1.64413011074
183 143 -0.445836693048 1.81748992205
184 144 0.503734167665 0.110169760883
183 144 -0.145064026117 0.0336553752422
184 143 0.126601204276 -0.175845172256
183 144 -0.148673579097 0.15763349086
183 142 -0.210253743455 -1.0400390476
182 141 -0.708253018558 -1.17711880058
182 140 -0.786754652858 -1.76911009848
181 136 -0.271532647312 -3.2728972733
181 133 -0.802026791498 -3.74219215661
181 128 0.823473393917 -4.86049172282
182 123 0.173651341349 -5.10835124552
181 116 -0.148899614811 -6.16541653872
182 111 0.196602247655 -5.8253852427
181 104 -0.899047859944 -6.09812061489
181 99 -0.131104115397 -5.76258081198
181 94 -0.0704293102026 -5.06890563667
180 89 -0.211398266256 -4.91852791607
180 84 -0.691299267113 -5.1516655907
180 79 -0.0987594351172 -5.04601877183
180 74 0.0458393767476 -4.90213654935
179 68 -1.05631929636 -5.20001418516
179 63 0.0316854044795 -5.62538052164
178 58 -0.169098366052 -4.45259685814
178 54 0.0786120072007 -3.92786300927
178 51 -0.82919151336 -3.00580162555
178 49 0.0309606790543 -2.01519346237
178 47 -0.137371130288 -1.92702885205
178 45 0.00915887579322 -1.97739027441
177 44 -0.944366432726 -1.08582688682
177 44 -0.0497876852751 -0.827229119837
177 43 0.0188233852386 -1.02707889676
176 42 -0.0830276980996 -0.0602277964354
177 43 0.173264753073 0.0423724725842
177 43 -0.0804515741765 0.0524922460318
