235 45 -0.75008947961 -0.108405552804
235 46 -0.246326843277 0.116043530405
235 46 0.0213444381952 -0.00524976104498
234 46 -0.0657932998147 -0.024590395391
234 46 -0.126915725763 0.063155349344
234 45 -0.746159523726 -0.116507515311
233 46 -0.0864883214235 0.0939527153969
234 46 0.00604896910954 0.0370191857219
233 45 -0.939760632813 -0.124742578715
233 46 -0.0355524495244 1.03072807565
233 47 0.0140973806847 0.958909854293
234 50 0.975783962756 2.05589082092
234 53 0.158700881526 3.08688169718
234 56 0.772887185216 3.90370385163
236 61 1.10468964279 4.10965823522
236 66 0.819346964359 4.97970496863
238 72 1.20492449775 5.95714588463
239 78 1.86038377881 6.8101907149
240 85 0.14666336542 6.2155380547
240 92 0.854223288596 7.04769117385
241 98 0.946625456214 6.67498482391
241 103 0.0854589343071 4.26148681343
241 106 0.0194013863802 2.97974266112
241 107 -0.115551754832 1.95543684065
241 109 -0.0447125025094 1.04207083583
241 110 -0.0474201340694 1.89655375481
241 111 -0.0392663758248 0.927773326635
241 112 0.204284787178 0.155008107424
241 111 -0.828991714865 -0.125093504786
240 110 -0.126680105925 -0.981532901525
240 108 -0.863044366241 -2.68531864882
238 103 -2.12986174226 -4.35318118334
236 98 -1.02205108851 -5.02591760457
234 92 -2.01246165042 -5.88118064404
232 86 -2.20452362997 -5.99404470623
231 81 -1.04884037189 -4.98083844781
229 76 -1.82429606654 -5.00119382143
227 71 -2.05751105025 -5.37442186195
224 65 -2.92470227927 -5.61452829652
223 60 -1.75676283985 -5.64472816512
221 56 -2.00265692919 -4.34083645791
219 51 -1.22383080795 -4.06522933394
218 49 -1.00522018224 -2.40365239512
217 47 -0.947226971388 -2.49572755769
217 45 -0.0318453162909 -1.17307365313
218 44 0.106324031949 -0.921958364546
217 44 -0.90135813877 0.0340342926793
217 44 -0.0517117753625 -0.803187696263
216 43 -0.243157666177 -0.302591949701
