159 43 -0.949182666838 -0.137477241457
158 44 -0.0576099902391 0.0176017358899
159 44 0.154789779335 0.086663223803
158 43 -0.156545508653 -0.108672149479
159 43 0.0871195867658 -0.0388954961672
158 43 -0.148893505335 -0.901884716004
158 42 0.00114896893501 -0.0857201740146
158 43 -0.00066127628088 0.939796313643
158 44 0.0413381010294 0.509666635655
159 47 0.564718818292 2.63109233975
161 55 1.51940108091 7.98484152928
162 65 0.954763289541 10.7730888128
162 78 0.943377116695 12.2876530588
163 86 0.205843326868 7.9748916924
163 89 -0.03628256917 3.75907932967
163 90 0.764033026993 0.438677905127
164 87 0.264818582684 -2.50456303358
164 82 0.626437656581 -4.83380370587
164 76 -0.0248330384493 -6.07008311152
164 69 0.20131213963 -7.7299637273
165 62 0.126968409866 -6.24314794689
165 56 0.0940623702481 -6.00640314817
165 52 0.716857694089 -4.77686887234
165 50 0.0443746671081 -1.21743906289
166 49 0.990353466943 -0.973498553038
166 49 0.0 0.0
166 49 -0.086396753788 -0.765864770859
166 49 0.0933327754028 0.0105020478368
166 49 0.00974413007498 -0.0769539922476
166 49 -0.484429698437 -0.0454967319965
165 48 -0.47063101083 -0.118205957115
