149 91 -0.0934649258852 0.172870896757
149 91 -0.083409935236 -0.0205129384995
150 91 0.203495457768 -0.00282046198845
149 91 -0.140763476491 0.0831529889256
150 92 0.074009552598 0.846055693924
150 92 0.153562339023 0.947117358446
151 95 0.86915422231 2.07379387319
151 98 0.0242698863149 3.81338170171
150 107 -0.101776016178 8.20638481528
148 118 -2.04873845726 11.5225248337
147 130 -1.19543019682 11.5487832129
146 143 -1.1842894596 13.4471436143
145 155 -1.52668867074 11.4354407601
144 153 -0.919463958591 -1.87638541311
143 149 -0.150904275477 -3.22188872099
145 144 1.0795398578 -4.9961367026
144 137 -0.0876878350973 -7.03024666756
145 128 0.0777612254024 -8.98739200598
146 118 1.04284991324 -9.94592414796
146 110 0.733242728515 -8.11689573526
146 107 0.190202869475 -3.74028578401
147 105 0.184880174696 -1.13525620289
147 104 0.571849118918 -1.20873508602
147 104 0.244650106877 -0.689304053783
147 102 -0.0911037921906 -1.11903972924
147 102 0.0712027698755 0.0141269490123
148 102 0.158802524209 -0.888984650373
