187.000000 55.000000 1.015497 0.894778
187.000000 55.000000 0.820823 -0.034512
189.000000 55.000000 1.162518 -0.891941
192.000000 54.000000 3.000690 -1.026221
197.000000 52.000000 5.947612 -1.028906
203.000000 52.000000 5.976462 -0.069071
210.000000 54.000000 6.991949 2.068256
219.000000 59.000000 8.106173 4.195657
225.000000 65.000000 5.959143 5.855155
230.000000 73.000000 5.984538 7.995371
234.000000 79.000000 3.868822 5.967483
238.000000 86.000000 3.269470 7.042561
240.000000 94.000000 2.774167 8.933515
240.000000 105.000000 0.076506 10.116899
241.000000 117.000000 0.101115 11.979478
238.000000 125.000000 -3.087724 7.998661
233.000000 131.000000 -4.961863 5.944841
226.000000 138.000000 -6.915831 7.945122
214.000000 147.000000 -11.209608 8.479089
203.000000 155.000000 -11.632049 7.745737
194.000000 160.000000 -8.956251 4.867213
181.000000 164.000000 -12.415952 4.909476
172.000000 166.000000 -9.877808 1.035931
161.000000 166.000000 -10.074604 0.070684
151.000000 167.000000 -10.129954 1.002134
137.000000 163.000000 -14.783061 -3.150904
124.000000 160.000000 -13.038774 -3.009716
108.000000 158.000000 -15.997272 -2.018062
93.000000 155.000000 -14.966027 -3.825117
78.000000 150.000000 -14.209228 -4.099930
64.000000 144.000000 -13.911080 -6.078527
58.000000 134.000000 -6.155448 -10.523404
58.000000 121.000000 -0.688162 -12.592266
63.000000 109.000000 5.077908 -12.093751
69.000000 98.000000 6.432266 -10.697616
71.000000 96.000000 1.974037 -2.882700
71.000000 96.000000 0.000000 0.000000
108.000000 72.000000 36.468727 -24.086970
118.000000 68.000000 10.040023 -3.040322
127.000000 65.000000 9.359259 -3.539975
137.000000 61.000000 9.574718 -3.534997
145.000000 59.000000 8.003743 -2.013219
151.000000 57.000000 6.053721 -1.976973
155.000000 56.000000 4.889902 -1.150094
162.000000 55.000000 6.067248 -0.815304
167.000000 55.000000 5.010888 -0.712909
169.000000 55.000000 2.146989 -0.051867
169.000000 55.000000 0.793730 -0.059895
169.000000 56.000000 0.019929 0.893501
170.000000 56.000000 0.998638 0.036809
171.000000 55.000000 0.143619 -0.098100
