174.000000 56.000000 0.170043 -0.172867
174.000000 55.000000 0.876216 -0.869050
175.000000 56.000000 1.048876 0.085031
177.000000 55.000000 1.960454 -0.092001
181.000000 56.000000 3.693906 0.115841
185.000000 55.000000 3.373637 -0.237572
188.000000 54.000000 3.873069 -0.900152
192.000000 56.000000 4.083582 1.118360
197.000000 57.000000 4.125281 0.992974
201.000000 59.000000 4.140885 2.867731
206.000000 62.000000 4.913212 2.091822
212.000000 65.000000 5.994964 3.923505
217.000000 70.000000 5.848265 4.054726
221.000000 73.000000 3.047211 2.993136
223.000000 77.000000 2.930719 4.129791
226.000000 82.000000 2.053280 4.931878
227.000000 88.000000 1.832265 6.127865
227.000000 94.000000 0.127872 6.082608
226.000000 97.000000 -1.109507 3.708313
225.000000 102.000000 -1.381870 4.038398
223.000000 106.000000 -1.548709 4.202560
220.000000 110.000000 -3.907643 3.951320
214.000000 112.000000 -5.169068 2.796677
208.000000 116.000000 -5.885496 3.896763
201.000000 118.000000 -7.088902 1.140459
194.000000 119.000000 -7.322319 1.794072
187.000000 121.000000 -6.714406 1.280957
182.000000 122.000000 -5.834505 1.722256
177.000000 123.000000 -4.985540 0.367291
170.000000 124.000000 -7.026553 0.914666
162.000000 125.000000 -7.113490 0.912945
155.000000 124.000000 -7.022711 -0.055761
148.000000 122.000000 -7.084919 -1.959939
143.000000 119.000000 -4.818826 -3.985073
138.000000 116.000000 -5.961314 -2.186663
130.000000 113.000000 -7.081808 -3.376108
128.000000 109.000000 -2.893288 -3.617855
126.000000 104.000000 -1.078268 -5.000774
126.000000 97.000000 -0.049529 -7.705788
128.000000 89.000000 1.202805 -8.021735
133.000000 82.000000 5.748002 -7.075271
140.000000 75.000000 6.285960 -6.143525
148.000000 69.000000 7.892513 -6.796825
156.000000 63.000000 8.108845 -5.152843
162.000000 60.000000 5.897421 -3.813280
168.000000 57.000000 6.113931 -3.090747
173.000000 55.000000 5.810693 -1.164068
179.000000 55.000000 5.129611 -0.755192
181.000000 55.000000 1.943909 0.308214
