196.000000 59.000000 0.215788 -0.043016
197.000000 59.000000 1.909059 0.084343
200.000000 59.000000 2.075601 -0.573775
202.000000 58.000000 2.822496 -0.481957
208.000000 59.000000 6.104231 1.054449
215.000000 61.000000 6.977783 1.665646
223.000000 65.000000 7.092152 4.347035
229.000000 73.000000 6.050242 7.997493
234.000000 81.000000 4.900400 7.916035
240.000000 91.000000 6.048396 9.875776
246.000000 106.000000 6.867984 14.224445
246.000000 114.000000 0.028964 8.826337
243.000000 124.000000 -3.086229 9.277739
238.000000 132.000000 -4.991453 8.777690
233.000000 145.000000 -5.761874 12.196429
221.000000 151.000000 -11.873101 6.042731
208.000000 153.000000 -12.332929 2.626103
198.000000 153.000000 -10.058414 0.227160
185.000000 153.000000 -13.601513 -0.963447
171.000000 151.000000 -13.574811 -1.913668
156.000000 150.000000 -14.896519 -0.256291
141.000000 147.000000 -15.678448 -3.697341
123.000000 141.000000 -17.398676 -5.230592
111.000000 133.000000 -12.134787 -8.565260
105.000000 120.000000 -5.578556 -12.822512
107.000000 106.000000 1.105739 -13.613486
109.000000 101.000000 1.933560 -5.476651
109.000000 101.000000 0.000000 0.000000
134.000000 66.000000 25.010228 -35.328998
144.000000 59.000000 10.055857 -6.136068
155.000000 54.000000 10.896821 -5.002057
165.000000 51.000000 10.054014 -3.033800
172.000000 51.000000 7.869056 -0.058769
178.000000 53.000000 5.132501 1.153753
181.000000 53.000000 3.013972 0.878913
