184.000000 66.000000 0.103226 -0.107843
184.000000 65.000000 -0.049764 -0.948572
185.000000 64.000000 0.915748 -1.069558
186.000000 63.000000 0.979703 -0.886412
188.000000 61.000000 2.708222 -1.135461
193.000000 61.000000 5.238903 -0.189021
201.000000 61.000000 7.958384 -0.580562
209.000000 61.000000 7.508140 0.760387
217.000000 65.000000 7.799788 3.057991
227.000000 73.000000 9.903950 8.015894
234.000000 85.000000 7.712501 12.647331
238.000000 100.000000 3.246949 14.469020
237.000000 111.000000 -0.255994 11.772900
232.000000 121.000000 -4.993019 9.086048
224.000000 127.000000 -7.905677 6.000945
212.000000 130.000000 -12.879964 2.976235
197.000000 126.000000 -14.063904 -3.081742
182.000000 123.000000 -15.589624 -3.898640
166.000000 117.000000 -15.686089 -5.115337
153.000000 110.000000 -13.679487 -7.095761
144.000000 97.000000 -8.195335 -13.752861
146.000000 85.000000 1.295371 -11.171940
153.000000 76.000000 7.159026 -9.026616
162.000000 69.000000 8.752010 -7.454781
170.000000 64.000000 7.999250 -4.569781
177.000000 62.000000 7.844054 -2.783426
182.000000 61.000000 5.049897 -0.795311
185.000000 62.000000 2.710176 1.715472
185.000000 63.000000 0.226433 0.107145
