185.000000 68.000000 0.144255 1.051209
185.000000 68.000000 -0.019634 0.007273
186.000000 67.000000 0.940269 -0.977381
192.000000 65.000000 6.397921 -1.205039
200.000000 65.000000 7.639677 -0.371809
206.000000 65.000000 6.810702 -0.481036
215.000000 68.000000 8.981807 3.166832
223.000000 75.000000 8.064734 6.909699
230.000000 88.000000 6.826708 12.983205
232.000000 92.000000 1.599683 4.070038
232.000000 92.000000 0.000000 0.000000
226.000000 121.000000 -5.394220 29.082888
216.000000 123.000000 -10.349286 2.707208
205.000000 127.000000 -10.999482 3.266982
192.000000 127.000000 -12.756753 0.718756
178.000000 124.000000 -13.976758 -3.889564
163.000000 116.000000 -15.707965 -7.042712
152.000000 106.000000 -11.003560 -10.149815
148.000000 102.000000 -3.366860 -4.768401
148.000000 102.000000 0.000000 0.000000
149.000000 67.000000 0.223903 -34.979540
156.000000 61.000000 7.076566 -6.062044
164.000000 57.000000 8.795406 -3.082102
174.000000 56.000000 9.093751 -1.048569
182.000000 57.000000 8.012800 0.247429
186.000000 59.000000 4.931313 2.105658
187.000000 60.000000 1.013093 0.842784
188.000000 60.000000 0.132634 -0.023450
