183.000000 63.000000 -0.081296 0.929668
184.000000 64.000000 0.129625 0.040380
185.000000 63.000000 0.947036 -1.013553
185.000000 61.000000 0.900568 -1.110790
189.000000 59.000000 3.057413 -2.844255
196.000000 59.000000 7.946481 0.806044
206.000000 60.000000 9.545549 0.362757
215.000000 64.000000 9.453203 4.028168
224.000000 72.000000 8.066983 7.816434
230.000000 83.000000 6.351285 11.271169
231.000000 86.000000 1.037935 2.700350
231.000000 86.000000 0.000000 0.000000
227.000000 124.000000 -4.372887 38.171635
215.000000 129.000000 -12.051118 5.562180
201.000000 134.000000 -13.035019 5.221942
191.000000 135.000000 -10.966297 0.103983
177.000000 128.000000 -13.840698 -6.259549
166.000000 120.000000 -11.131258 -8.790319
157.000000 110.000000 -8.245670 -9.956251
153.000000 93.000000 -3.991994 -17.079453
151.000000 80.000000 -1.920600 -12.692131
158.000000 64.000000 6.269564 -15.727070
166.000000 59.000000 7.863637 -5.585302
175.000000 56.000000 9.087373 -2.028353
182.000000 55.000000 7.100512 -1.047660
189.000000 55.000000 6.814642 0.007121
192.000000 57.000000 3.121225 1.090123
192.000000 58.000000 0.789451 1.027193
