184.000000 60.000000 -0.014894 -0.048948
185.000000 59.000000 0.963218 -1.028179
187.000000 57.000000 2.047322 -1.176108
193.000000 58.000000 5.037746 0.133351
201.000000 57.000000 8.103809 -0.025548
209.000000 58.000000 7.892057 0.097189
217.000000 60.000000 8.059275 2.462048
227.000000 67.000000 10.298865 7.216480
231.000000 71.000000 3.718063 3.900288
231.000000 71.000000 0.000000 0.000000
238.000000 115.000000 7.723199 44.295241
228.000000 127.000000 -9.969602 11.534787
216.000000 141.000000 -12.579478 13.913763
200.000000 154.000000 -15.982356 12.828379
184.000000 154.000000 -15.564059 0.720248
176.000000 151.000000 -7.831668 -3.039288
164.000000 145.000000 -11.945266 -6.001428
150.000000 134.000000 -14.504136 -11.037759
137.000000 123.000000 -13.346416 -11.069316
129.000000 109.000000 -7.688519 -13.948840
131.000000 93.000000 1.950877 -16.604606
140.000000 81.000000 8.691127 -12.178910
147.000000 69.000000 7.042568 -11.138918
155.000000 61.000000 7.947247 -8.801758
164.000000 55.000000 9.010097 -5.777001
173.000000 52.000000 9.002639 -3.068955
181.000000 50.000000 8.066529 -1.359079
189.000000 50.000000 7.956865 -0.905232
195.000000 50.000000 5.983688 0.974136
197.000000 52.000000 2.823203 1.046798
197.000000 53.000000 0.093924 1.064358
197.000000 53.000000 -0.007392 -0.100655
