194.000000 55.000000 -0.714517 -0.018238
195.000000 55.000000 0.915754 0.112166
195.000000 54.000000 0.931735 -0.211169
197.000000 55.000000 1.957239 0.186420
199.000000 56.000000 2.053108 0.906397
203.000000 56.000000 3.048986 0.072637
206.000000 56.000000 3.834485 0.813769
209.000000 58.000000 3.094107 1.058454
213.000000 58.000000 3.984160 0.230173
217.000000 60.000000 3.268369 1.792705
219.000000 60.000000 2.635123 0.949370
221.000000 62.000000 2.150803 1.132842
222.000000 63.000000 0.977173 1.711930
224.000000 66.000000 2.010187 2.317866
228.000000 68.000000 3.040130 2.840629
231.000000 72.000000 3.956864 3.997139
237.000000 76.000000 5.032418 3.894729
239.000000 79.000000 2.700222 2.659539
240.000000 81.000000 1.247827 2.043156
242.000000 84.000000 1.267258 2.432588
243.000000 89.000000 1.714205 5.074090
245.000000 95.000000 2.020659 6.083375
246.000000 99.000000 0.964251 3.922452
247.000000 101.000000 0.119429 2.767118
246.000000 104.000000 -0.262096 2.210404
244.000000 108.000000 -2.658922 4.635576
241.000000 113.000000 -2.145479 4.520713
237.000000 117.000000 -4.056461 3.839720
233.000000 120.000000 -4.019702 3.020358
229.000000 121.000000 -4.028574 1.741626
224.000000 125.000000 -4.882284 4.032376
220.000000 128.000000 -4.046251 3.132530
214.000000 131.000000 -5.957992 2.039902
207.000000 131.000000 -7.084818 0.046536
199.000000 134.000000 -7.970815 3.843540
194.000000 136.000000 -5.713903 1.132130
187.000000 136.000000 -6.227836 0.056160
181.000000 135.000000 -6.991352 -1.068776
175.000000 134.000000 -5.950322 -0.942860
167.000000 133.000000 -7.343584 -0.097705
159.000000 133.000000 -8.670511 -0.020963
151.000000 132.000000 -7.132484 -1.942911
143.000000 129.000000 -8.042921 -2.060468
137.000000 126.000000 -5.912108 -3.052622
132.000000 121.000000 -5.926387 -5.814203
130.000000 117.000000 -1.471891 -3.964264
129.000000 110.000000 -1.457436 -6.641942
130.000000 99.000000 0.924419 -10.551600
132.000000 92.000000 2.068275 -6.993001
135.000000 86.000000 3.049045 -6.863312
141.000000 80.000000 5.954683 -5.121786
146.000000 76.000000 5.547617 -4.122530
152.000000 73.000000 6.305995 -3.776536
161.000000 71.000000 8.105245 -1.159933
167.000000 69.000000 6.892514 -2.763863
176.000000 67.000000 8.185304 -1.148489
182.000000 66.000000 6.814196 -1.186266
187.000000 65.000000 4.143074 -0.834523
191.000000 66.000000 4.017027 0.907981
192.000000 66.000000 1.121705 0.105498
