194.000000 68.000000 0.068471 -0.186915
194.000000 68.000000 -0.023168 0.105352
195.000000 68.000000 1.019211 -0.775299
196.000000 67.000000 1.849238 -0.420268
200.000000 65.000000 3.147338 -2.716013
206.000000 64.000000 6.007598 -0.138252
215.000000 67.000000 9.044051 2.209203
222.000000 73.000000 7.348106 5.932401
226.000000 79.000000 4.542984 6.881741
229.000000 87.000000 2.870933 8.010972
231.000000 99.000000 2.107707 11.188378
228.000000 111.000000 -3.094400 11.879906
218.000000 119.000000 -10.309272 8.048369
208.000000 125.000000 -10.484877 6.481435
193.000000 129.000000 -14.479477 4.313910
175.000000 128.000000 -18.145792 -1.040609
156.000000 123.000000 -19.432071 -5.038235
144.000000 115.000000 -11.723201 -8.777051
140.000000 103.000000 -3.474865 -11.071198
144.000000 91.000000 4.057593 -11.994399
154.000000 81.000000 9.152511 -9.997721
165.000000 72.000000 11.899028 -9.038628
176.000000 67.000000 10.225618 -5.502258
185.000000 63.000000 9.738022 -3.417751
195.000000 61.000000 9.103638 -2.030065
199.000000 63.000000 4.574229 1.044827
199.000000 64.000000 0.261328 1.941790
