199.000000 65.000000 1.002187 0.072651
199.000000 64.000000 0.376285 -0.208410
200.000000 65.000000 1.543467 0.046666
204.000000 65.000000 3.101991 0.786958
211.000000 67.000000 7.856431 1.413227
220.000000 68.000000 8.556316 1.648636
231.000000 70.000000 10.552171 2.047630
239.000000 77.000000 8.525521 6.207710
244.000000 87.000000 5.204060 9.936409
247.000000 99.000000 2.304130 12.097638
244.000000 109.000000 -3.079061 10.767719
234.000000 122.000000 -9.084012 12.099577
222.000000 130.000000 -12.895148 8.825205
207.000000 134.000000 -14.030181 3.204711
193.000000 135.000000 -14.065936 1.071309
178.000000 137.000000 -15.174318 2.776299
168.000000 134.000000 -9.887005 -2.982881
162.000000 126.000000 -6.810418 -7.935802
161.000000 114.000000 -0.915953 -12.460872
168.000000 104.000000 7.095004 -9.744317
176.000000 96.000000 7.825940 -7.929344
185.000000 87.000000 9.130550 -8.900888
195.000000 80.000000 10.148532 -7.012129
204.000000 74.000000 8.789586 -5.991211
211.000000 70.000000 6.972431 -4.417032
214.000000 69.000000 3.892467 -0.578635
216.000000 71.000000 1.043565 1.076456
