213.000000 70.000000 0.219938 -0.194792
213.000000 70.000000 0.847763 -0.090106
215.000000 70.000000 1.279178 0.009354
218.000000 71.000000 3.752918 0.528620
225.000000 74.000000 6.844417 2.654184
232.000000 77.000000 7.173067 3.104149
240.000000 82.000000 7.151300 5.126686
247.000000 90.000000 6.963175 8.202598
252.000000 102.000000 5.064668 11.922070
252.000000 114.000000 0.727221 12.277310
247.000000 123.000000 -4.920659 8.586665
242.000000 132.000000 -5.183754 8.930989
231.000000 142.000000 -10.874534 10.050671
216.000000 147.000000 -15.013799 5.006242
201.000000 150.000000 -15.504210 2.839967
185.000000 149.000000 -15.603945 -0.924869
170.000000 144.000000 -15.774948 -4.192979
152.000000 135.000000 -17.151899 -9.052672
137.000000 128.000000 -14.910189 -6.919120
128.000000 116.000000 -9.901660 -11.964093
125.000000 109.000000 -3.008224 -7.404597
125.000000 109.000000 0.000000 0.000000
142.000000 68.000000 17.276798 -40.666707
155.000000 60.000000 12.755582 -8.879987
167.000000 55.000000 12.579765 -5.028905
176.000000 51.000000 9.278945 -3.057071
184.000000 52.000000 7.114379 0.910273
189.000000 54.000000 5.004208 1.820289
195.000000 57.000000 6.518870 3.175690
200.000000 60.000000 5.392341 3.009016
202.000000 61.000000 1.858710 0.743495
