204.000000 60.000000 0.234611 -0.488365
205.000000 60.000000 1.809704 -0.899011
208.000000 59.000000 2.964265 -1.062634
214.000000 57.000000 5.952485 -1.012767
223.000000 59.000000 8.889788 1.903398
229.000000 63.000000 6.010751 3.224124
234.000000 68.000000 4.231545 4.954509
240.000000 78.000000 6.186949 9.937818
245.000000 87.000000 4.817279 9.724892
244.000000 94.000000 -0.116148 7.108218
241.000000 102.000000 -2.944547 8.155749
238.000000 113.000000 -3.862256 10.209380
231.000000 122.000000 -7.038553 8.982314
216.000000 127.000000 -14.678001 5.744349
197.000000 134.000000 -19.312085 6.691106
183.000000 137.000000 -13.091918 2.551695
173.000000 132.000000 -10.116083 -5.135412
165.000000 122.000000 -8.464456 -9.651830
158.000000 107.000000 -7.269446 -14.463199
156.000000 93.000000 -1.959962 -13.967320
158.000000 82.000000 2.788275 -11.942136
164.000000 72.000000 5.076642 -9.100090
171.000000 65.000000 7.003672 -7.070557
178.000000 61.000000 7.855691 -4.002421
184.000000 58.000000 5.291804 -2.873990
188.000000 57.000000 4.446810 -1.886067
192.000000 57.000000 3.388515 0.836654
