133.000000 79.000000 -0.041827 0.106709
133.000000 79.000000 0.073458 0.032163
134.000000 78.000000 0.061802 -0.114748
133.000000 78.000000 -0.053879 -0.687299
133.000000 78.000000 -0.044011 -0.220869
133.000000 77.000000 -0.004243 -0.103376
134.000000 77.000000 0.262538 0.008506
135.000000 84.000000 1.675420 6.822656
139.000000 97.000000 3.236181 12.307376
141.000000 111.000000 1.977352 14.222060
141.000000 119.000000 0.864827 8.701293
141.000000 119.000000 0.000000 0.000000
140.000000 137.000000 -1.015558 17.155178
142.000000 129.000000 1.090465 -7.290846
142.000000 118.000000 -0.021321 -10.867428
142.000000 108.000000 0.729255 -10.968837
142.000000 98.000000 0.209694 -9.155355
144.000000 90.000000 1.070343 -7.951659
144.000000 88.000000 0.931396 -2.844893
144.000000 86.000000 -0.172103 -1.163221
145.000000 85.000000 0.247491 -0.893294
144.000000 85.000000 -0.213169 -0.076452
144.000000 85.000000 -0.124877 -0.002968
