148.000000 95.000000 0.153567 -0.158543
148.000000 95.000000 -0.117562 0.112790
148.000000 95.000000 -0.744466 -0.073265
148.000000 96.000000 -0.012328 0.270636
149.000000 98.000000 0.989606 1.983459
149.000000 105.000000 -0.014377 7.771823
149.000000 118.000000 0.870620 12.153379
148.000000 134.000000 -1.027114 16.765795
147.000000 145.000000 -0.898705 10.770724
148.000000 146.000000 0.140046 1.383787
148.000000 144.000000 0.058590 -2.878171
148.000000 134.000000 0.004763 -9.111101
150.000000 122.000000 1.861366 -12.841599
150.000000 107.000000 -0.003446 -14.118006
150.000000 96.000000 0.887161 -11.064492
151.000000 90.000000 1.046670 -6.007750
151.000000 89.000000 0.019922 -1.769674
152.000000 89.000000 0.169326 -0.111937
