151.000000 86.000000 -0.042143 -0.051017
150.000000 86.000000 -0.023569 -0.165228
150.000000 86.000000 -0.029063 -0.767458
150.000000 86.000000 -0.009958 0.039988
150.000000 85.000000 -0.040434 -0.130666
151.000000 86.000000 0.174631 0.882115
151.000000 88.000000 0.788489 2.179290
151.000000 89.000000 0.012381 0.048156
151.000000 89.000000 0.000000 0.000000
156.000000 139.000000 5.021672 50.009315
156.000000 144.000000 0.068633 5.428573
157.000000 143.000000 0.053821 -0.685692
157.000000 139.000000 0.042347 -3.848543
156.000000 131.000000 -0.953815 -8.112901
154.000000 117.000000 -1.194515 -13.880274
155.000000 105.000000 0.246762 -12.044534
154.000000 94.000000 -0.709433 -10.917176
154.000000 90.000000 0.528836 -4.962305
155.000000 88.000000 0.138075 -1.973628
154.000000 87.000000 -0.208765 -0.077206
155.000000 87.000000 0.129860 -0.735489
154.000000 87.000000 -0.078241 -0.124954
