152.000000 87.000000 0.034083 -0.108166
151.000000 88.000000 -0.104438 0.078901
152.000000 87.000000 0.237559 -0.108990
152.000000 88.000000 -0.156241 0.157089
152.000000 89.000000 0.080837 1.758602
151.000000 92.000000 -0.118371 3.090800
152.000000 102.000000 1.007536 9.120439
155.000000 113.000000 2.021219 11.888071
154.000000 130.000000 -0.061609 16.258820
154.000000 139.000000 -0.920378 9.046193
153.000000 138.000000 -0.090152 -0.379422
153.000000 132.000000 -0.066980 -5.935871
154.000000 123.000000 0.528365 -9.048625
155.000000 113.000000 0.814944 -10.004129
155.000000 104.000000 0.754255 -8.947089
156.000000 97.000000 0.070184 -7.915675
156.000000 93.000000 -0.000882 -3.092759
156.000000 92.000000 0.166687 -1.090896
156.000000 92.000000 0.000000 0.000000
