152.000000 86.000000 -0.070119 0.014487
152.000000 86.000000 -0.018473 -0.091668
152.000000 86.000000 0.123590 -0.056750
152.000000 86.000000 -0.032345 -0.007789
152.000000 87.000000 0.704566 0.346521
152.000000 90.000000 0.080606 2.985489
154.000000 96.000000 1.125821 6.202726
154.000000 103.000000 0.096044 6.753886
154.000000 111.000000 0.796415 8.808717
156.000000 121.000000 1.140756 10.062959
156.000000 132.000000 0.120876 10.152239
156.000000 136.000000 0.001789 4.848277
155.000000 136.000000 -0.160051 -0.062716
156.000000 131.000000 0.927313 -4.952876
156.000000 119.000000 -0.827831 -12.064859
156.000000 109.000000 0.715295 -9.984189
156.000000 104.000000 0.165327 -4.958023
157.000000 102.000000 0.312385 -2.892273
157.000000 98.000000 0.678087 -3.230336
158.000000 94.000000 0.102222 -4.401162
157.000000 93.000000 -0.205433 -1.316721
156.000000 92.000000 -0.875509 -1.127792
156.000000 92.000000 -0.036356 0.002308
