161.000000 95.000000 -0.843251 0.172236
161.000000 95.000000 -0.114977 -0.062373
159.000000 94.000000 -1.032344 -0.966560
159.000000 94.000000 -0.925056 -0.145161
158.000000 95.000000 -0.958367 0.286859
158.000000 96.000000 0.024220 1.840257
159.000000 107.000000 1.172860 10.126223
162.000000 121.000000 3.474830 13.960427
164.000000 133.000000 1.351055 12.671810
163.000000 145.000000 -1.045773 11.312747
162.000000 145.000000 -1.074692 0.140515
162.000000 141.000000 0.941417 -4.111053
163.000000 130.000000 0.062030 -10.983617
161.000000 119.000000 -1.030033 -10.283316
160.000000 108.000000 -1.938042 -10.980945
157.000000 97.000000 -2.060669 -10.947546
158.000000 95.000000 0.706311 -2.761898
157.000000 93.000000 -0.784024 -1.085537
157.000000 93.000000 -0.044749 -0.863273
