172.000000 92.000000 0.177125 -0.289995
172.000000 92.000000 -0.026157 -0.034584
172.000000 91.000000 -0.050005 -0.105607
171.000000 91.000000 -0.112010 -0.076793
172.000000 92.000000 0.131273 1.097801
172.000000 98.000000 0.929367 5.210814
175.000000 110.000000 2.464287 12.725316
179.000000 124.000000 3.562719 13.407647
181.000000 135.000000 2.186263 10.746938
181.000000 143.000000 0.737096 8.079994
181.000000 143.000000 -0.027031 0.839836
180.000000 139.000000 -1.018341 -4.940634
179.000000 126.000000 -1.691964 -12.110938
177.000000 111.000000 -1.196457 -15.802570
176.000000 98.000000 -1.962677 -12.358058
174.000000 90.000000 -1.137464 -7.922627
173.000000 89.000000 -1.019500 -1.762287
173.000000 88.000000 -0.816577 -0.705939
172.000000 88.000000 -0.079259 0.251578
