160.000000 89.000000 -0.102409 -0.305530
161.000000 89.000000 0.187061 -0.682947
160.000000 88.000000 -0.087971 -0.048134
160.000000 88.000000 0.033746 -0.039652
161.000000 90.000000 0.230597 1.113783
163.000000 95.000000 1.867779 4.984357
166.000000 108.000000 2.926636 13.089464
167.000000 120.000000 1.870715 12.769673
168.000000 133.000000 0.952494 12.191995
169.000000 144.000000 0.186874 11.560650
168.000000 144.000000 -0.072188 0.241884
169.000000 134.000000 0.807976 -9.962747
169.000000 123.000000 -0.647166 -11.847186
168.000000 106.000000 -0.226995 -16.169697
168.000000 95.000000 -0.828748 -10.950562
167.000000 90.000000 -0.352898 -5.071109
166.000000 89.000000 -0.719834 -1.854271
166.000000 88.000000 -0.015242 -0.253791
166.000000 87.000000 -0.930580 -0.795638
