143.000000 85.000000 -0.110279 -0.030484
143.000000 85.000000 0.119091 0.029980
143.000000 85.000000 -0.154026 0.060939
143.000000 85.000000 0.165954 -0.009151
143.000000 84.000000 -0.106367 -1.014535
144.000000 84.000000 0.166500 -0.049061
144.000000 85.000000 0.075987 0.935588
145.000000 91.000000 1.838643 5.231949
147.000000 100.000000 1.453036 9.601095
147.000000 100.000000 0.000000 0.000000
148.000000 140.000000 0.721728 39.410820
148.000000 139.000000 0.033619 -0.198373
147.000000 130.000000 -0.292253 -9.824243
146.000000 112.000000 -0.890403 -17.225227
147.000000 102.000000 0.963688 -10.750748
147.000000 96.000000 0.017660 -5.145842
147.000000 92.000000 -0.066048 -4.698538
148.000000 91.000000 0.140147 -1.207870
148.000000 90.000000 -0.042300 -0.964586
148.000000 90.000000 0.068186 0.843943
148.000000 90.000000 0.053277 -0.006810
147.000000 90.000000 -0.206389 0.038320
