153.000000 93.000000 -1.118242 -0.125386
151.000000 93.000000 -1.971299 -0.895133
148.000000 92.000000 -3.800147 -0.952256
146.000000 91.000000 -1.943591 -0.998850
145.000000 91.000000 -1.000667 0.010720
143.000000 92.000000 -2.021138 0.997838
140.000000 97.000000 -2.131329 4.960316
139.000000 109.000000 -1.033328 12.109767
139.000000 109.000000 0.000000 0.000000
140.000000 151.000000 0.154242 42.773767
139.000000 156.000000 -0.976294 5.066187
140.000000 154.000000 0.917684 -2.827840
140.000000 143.000000 0.026799 -10.238996
141.000000 129.000000 1.076035 -14.012884
143.000000 116.000000 2.501242 -13.017357
146.000000 106.000000 2.397709 -10.765043
146.000000 100.000000 0.953109 -5.983981
147.000000 97.000000 0.330000 -2.225208
147.000000 97.000000 0.668576 -0.741964
147.000000 97.000000 -0.038644 -0.150345
