170.000000 91.000000 -0.130384 0.109890
170.000000 90.000000 0.020737 -0.214191
170.000000 89.000000 0.041585 -0.898971
170.000000 91.000000 -0.006563 1.042814
169.000000 94.000000 -0.123190 3.743025
170.000000 103.000000 1.019992 8.492396
173.000000 120.000000 2.093801 16.957056
174.000000 134.000000 0.964630 14.600429
174.000000 148.000000 0.693223 14.073101
174.000000 152.000000 -0.090945 3.149016
175.000000 146.000000 0.425714 -5.042871
173.000000 138.000000 -1.111741 -8.970800
173.000000 125.000000 0.027596 -12.149415
174.000000 113.000000 0.210765 -12.029115
174.000000 102.000000 -0.183278 -11.697533
174.000000 96.000000 0.110313 -6.111858
173.000000 94.000000 -0.908125 -1.855871
173.000000 93.000000 -0.116049 -0.223195
172.000000 94.000000 -0.200323 0.131695
