165.000000 88.000000 -0.065020 0.068579
164.000000 89.000000 -0.071880 0.036594
165.000000 88.000000 0.149899 -0.177049
164.000000 88.000000 -0.142990 -0.828109
165.000000 88.000000 0.985282 0.971923
166.000000 91.000000 0.042152 2.198318
166.000000 102.000000 0.346149 10.953008
168.000000 118.000000 2.556319 16.600661
171.000000 133.000000 2.175678 15.209701
171.000000 148.000000 -0.065602 14.303199
172.000000 153.000000 1.104764 4.774402
173.000000 148.000000 0.949003 -4.090903
172.000000 141.000000 -0.129440 -7.832067
173.000000 127.000000 0.065106 -13.127879
173.000000 114.000000 0.010484 -13.184358
171.000000 102.000000 -1.529372 -11.824511
170.000000 94.000000 -0.520512 -8.105913
170.000000 90.000000 -0.092747 -3.903495
169.000000 90.000000 -0.924544 -0.071127
