159.000000 91.000000 0.048538 0.049067
159.000000 91.000000 -0.017059 -0.051451
158.000000 90.000000 -1.021165 -0.779875
157.000000 90.000000 -0.082822 -0.169820
158.000000 91.000000 0.108943 1.035419
159.000000 98.000000 1.208825 6.913883
161.000000 106.000000 2.137025 8.430690
161.000000 106.000000 0.000000 0.000000
163.000000 139.000000 1.636862 32.599839
163.000000 135.000000 0.976430 -3.154276
163.000000 126.000000 -0.226584 -9.805506
164.000000 113.000000 0.473433 -12.205077
162.000000 100.000000 -1.300511 -13.478582
162.000000 92.000000 -0.083770 -8.340395
163.000000 88.000000 0.143302 -3.133373
162.000000 88.000000 -0.158120 -0.878685
163.000000 88.000000 0.175128 0.098536
162.000000 88.000000 -0.063243 0.858428
