159.000000 88.000000 -0.100188 -0.045110
159.000000 89.000000 0.661321 0.058468
160.000000 88.000000 0.216700 -0.200184
160.000000 88.000000 0.067755 0.026969
159.000000 89.000000 -0.148704 1.031399
160.000000 96.000000 0.093839 6.175665
161.000000 106.000000 1.757595 10.930997
164.000000 121.000000 2.280005 14.686547
164.000000 136.000000 0.807468 14.393585
164.000000 140.000000 0.069007 4.855638
165.000000 136.000000 0.092581 -3.980690
164.000000 126.000000 -0.095568 -10.932680
165.000000 114.000000 0.064107 -11.839417
165.000000 104.000000 0.145556 -9.299601
165.000000 97.000000 0.761222 -6.983272
165.000000 93.000000 -0.378771 -4.028064
164.000000 92.000000 -0.676068 -0.980805
164.000000 92.000000 0.096253 0.037218
164.000000 92.000000 0.009094 -0.036578
