147.000000 89.000000 -0.046052 -0.205478
146.000000 88.000000 -0.176840 -0.013055
146.000000 89.000000 0.025806 0.170332
146.000000 89.000000 0.015192 -0.150029
147.000000 89.000000 0.042337 0.021954
147.000000 90.000000 0.837008 1.043359
149.000000 94.000000 1.163438 4.116121
150.000000 98.000000 1.288070 4.663051
150.000000 99.000000 -0.237475 1.033258
150.000000 99.000000 0.000000 0.000000
152.000000 131.000000 2.687091 31.198266
152.000000 129.000000 0.074298 -1.237751
152.000000 124.000000 0.104536 -4.880466
152.000000 116.000000 -0.088055 -8.503212
152.000000 105.000000 -0.748921 -11.230374
151.000000 93.000000 -0.191200 -11.715659
151.000000 88.000000 0.018872 -4.566642
151.000000 88.000000 0.026651 -0.896151
151.000000 87.000000 -0.044699 -0.243827
151.000000 87.000000 -0.034826 0.072107
151.000000 87.000000 0.112680 -0.044161
