158.000000 90.000000 0.000000 0.000000
158.000000 90.000000 -0.108945 -0.833880
157.000000 89.000000 -0.114304 -0.094133
158.000000 89.000000 0.065708 -0.934210
157.000000 89.000000 -0.137592 0.839786
157.000000 91.000000 -0.741592 1.630613
158.000000 101.000000 0.911494 9.546949
160.000000 114.000000 2.665812 13.460884
161.000000 129.000000 0.273034 15.371226
159.000000 136.000000 -1.513431 6.157520
159.000000 130.000000 0.416807 -5.436832
160.000000 118.000000 0.168217 -11.723922
159.000000 106.000000 -0.206945 -12.819813
160.000000 95.000000 0.113407 -10.159100
160.000000 91.000000 0.081847 -4.015699
160.000000 90.000000 -0.064593 -1.032512
159.000000 91.000000 -0.164872 0.144605
159.000000 90.000000 0.013515 -0.973824
160.000000 90.000000 0.286800 0.079979
