156.000000 91.000000 -0.072825 -0.069915
156.000000 90.000000 0.028223 -0.265027
156.000000 91.000000 -0.031709 0.270997
157.000000 93.000000 0.175745 2.854878
158.000000 105.000000 1.780072 11.114710
160.000000 115.000000 1.204332 10.865359
160.000000 129.000000 0.856726 14.070140
162.000000 146.000000 1.520446 16.659577
162.000000 160.000000 0.493740 13.380567
163.000000 157.000000 0.073325 -2.105186
162.000000 146.000000 -0.347615 -11.048078
162.000000 133.000000 0.169312 -13.837961
162.000000 119.000000 -0.685287 -14.001337
160.000000 105.000000 -1.212596 -13.069697
161.000000 95.000000 0.091215 -10.206909
161.000000 93.000000 0.034502 -2.657415
160.000000 92.000000 -0.112979 -1.020515
