164.000000 91.000000 0.029764 -0.033493
163.000000 92.000000 -0.034816 0.166649
164.000000 91.000000 0.084644 -0.191547
163.000000 90.000000 -0.121781 -0.830957
164.000000 90.000000 0.120274 -0.039841
163.000000 90.000000 -0.135794 -0.064699
164.000000 91.000000 0.073643 1.033082
163.000000 101.000000 -0.071737 9.345071
167.000000 116.000000 3.102227 15.711777
169.000000 131.000000 2.000221 14.997805
168.000000 141.000000 -0.146984 9.082012
169.000000 138.000000 0.255025 -2.204206
169.000000 132.000000 -0.002554 -6.336399
167.000000 121.000000 -1.219144 -11.036547
167.000000 110.000000 0.026955 -11.439139
167.000000 100.000000 0.006603 -9.221283
168.000000 93.000000 0.129595 -6.925213
167.000000 90.000000 -0.453201 -2.945204
166.000000 90.000000 -0.675412 -0.833729
167.000000 90.000000 0.223528 -0.038272
