164.000000 89.000000 0.072351 0.125149
164.000000 89.000000 0.039261 -0.039475
163.000000 88.000000 -1.039075 -0.239361
162.000000 88.000000 -1.035653 -0.788638
162.000000 88.000000 -0.011929 0.805573
163.000000 90.000000 0.188454 2.027196
162.000000 98.000000 -0.069898 7.868370
164.000000 109.000000 1.078799 11.243185
166.000000 127.000000 2.296639 17.049614
166.000000 143.000000 0.655277 16.901298
166.000000 151.000000 -0.917720 7.729901
166.000000 148.000000 0.730882 -2.705844
167.000000 141.000000 0.358699 -6.974358
166.000000 127.000000 -0.651723 -14.759892
165.000000 110.000000 -0.557714 -16.321792
164.000000 99.000000 -1.002383 -11.885421
164.000000 96.000000 -0.061629 -2.051159
164.000000 96.000000 -0.057875 -0.868899
164.000000 95.000000 -0.434585 -0.169276
164.000000 96.000000 -0.367845 0.096171
