155.000000 90.000000 -0.095433 0.028009
155.000000 90.000000 -0.808784 -0.131722
154.000000 90.000000 -0.222219 0.098354
154.000000 91.000000 -0.782852 0.191821
154.000000 93.000000 0.027581 1.913873
154.000000 102.000000 -0.080676 9.023117
153.000000 116.000000 -0.112556 14.056317
152.000000 120.000000 -1.431211 3.922417
151.000000 119.000000 -0.998959 -0.292240
151.000000 119.000000 0.000000 0.000000
152.000000 138.000000 1.377922 18.229317
154.000000 124.000000 1.923447 -13.181209
155.000000 107.000000 0.162789 -17.264822
156.000000 99.000000 1.068940 -8.256454
156.000000 96.000000 0.067311 -2.533454
156.000000 93.000000 0.670711 -2.814567
156.000000 92.000000 0.153815 -1.852272
