105.000000 148.000000 -0.010439 0.324073
105.000000 148.000000 0.563396 0.831843
106.000000 149.000000 0.289981 0.080807
109.000000 149.000000 3.083614 0.125245
115.000000 142.000000 6.032069 -7.088819
117.000000 132.000000 1.911182 -9.262427
115.000000 122.000000 -1.982771 -9.814779
110.000000 116.000000 -4.795767 -6.048291
103.000000 114.000000 -6.718652 -2.883524
94.000000 113.000000 -9.343502 -0.109168
82.000000 117.000000 -11.325325 4.014054
72.000000 124.000000 -10.096500 6.784818
68.000000 134.000000 -3.928603 10.074388
73.000000 142.000000 5.009148 7.742743
84.000000 145.000000 10.184685 3.377016
97.000000 146.000000 13.639136 1.011942
110.000000 147.000000 13.238862 0.127779
123.000000 146.000000 12.882264 -0.247392
136.000000 145.000000 12.277116 -0.883013
148.000000 145.000000 12.824065 -0.049041
163.000000 146.000000 14.996279 1.095340
176.000000 146.000000 13.048520 -0.261972
186.000000 143.000000 9.136195 -2.808473
192.000000 142.000000 5.873529 -0.967410
194.000000 142.000000 2.205293 0.015373
194.000000 143.000000 0.679572 0.937184
