101.000000 139.000000 0.048454 0.987087
102.000000 139.000000 0.954188 0.825778
104.000000 138.000000 2.905237 -0.874319
106.000000 133.000000 2.041944 -4.985634
105.000000 125.000000 -1.113452 -8.057317
100.000000 119.000000 -5.865593 -5.976063
90.000000 117.000000 -9.018845 -2.919468
80.000000 117.000000 -9.991253 0.112347
71.000000 121.000000 -9.983986 4.846030
67.000000 128.000000 -3.015186 6.182860
73.000000 134.000000 5.821575 5.891831
84.000000 138.000000 11.185329 4.274521
98.000000 140.000000 13.065750 1.771549
111.000000 142.000000 13.404843 2.012720
126.000000 143.000000 14.651313 1.480708
141.000000 144.000000 14.983355 1.378957
154.000000 145.000000 13.867683 0.211702
169.000000 144.000000 14.987266 -0.208670
184.000000 144.000000 14.099545 -0.033359
194.000000 143.000000 10.058046 -0.939764
200.000000 143.000000 6.774115 -0.970878
205.000000 143.000000 4.115387 0.096507
205.000000 143.000000 0.982161 -0.072235
