95.000000 133.000000 -0.884849 1.114754
96.000000 135.000000 0.154724 2.014572
96.000000 136.000000 0.227858 1.720947
97.000000 138.000000 1.720166 1.912867
101.000000 136.000000 3.969749 -2.661236
103.000000 129.000000 2.005460 -6.348317
101.000000 121.000000 -2.043992 -7.856389
95.000000 117.000000 -6.197761 -4.901487
85.000000 114.000000 -10.378317 -2.803568
73.000000 114.000000 -11.439821 0.715943
64.000000 120.000000 -8.927306 5.048661
64.000000 126.000000 -0.924261 6.921710
71.000000 132.000000 7.509471 5.587176
77.000000 135.000000 5.977612 2.872468
77.000000 135.000000 0.000000 0.000000
118.000000 145.000000 40.586299 10.557466
124.000000 145.000000 6.222228 -0.891746
123.000000 143.000000 -1.041701 -1.647076
122.000000 141.000000 -0.661245 -1.506805
122.000000 140.000000 0.105996 -0.958489
122.000000 139.000000 0.156203 -1.006303
122.000000 138.000000 -0.002415 -0.969169
122.000000 138.000000 -0.006076 -0.970869
122.000000 138.000000 0.000000 0.000000
219.000000 149.000000 96.139028 11.965024
218.000000 149.000000 -0.722150 -0.099054
217.000000 149.000000 -0.383936 -0.037380
217.000000 149.000000 -0.892140 -0.075521
216.000000 148.000000 -0.858347 -0.788791
215.000000 149.000000 -1.018719 0.050103
