92.000000 140.000000 0.939530 0.968545
94.000000 140.000000 2.389693 0.751102
98.000000 141.000000 4.356649 0.297313
104.000000 138.000000 5.969279 -3.084771
106.000000 129.000000 1.318301 -8.336763
102.000000 121.000000 -3.665358 -7.741248
93.000000 117.000000 -8.497650 -4.487966
82.000000 117.000000 -11.927222 -0.425350
73.000000 120.000000 -9.007723 3.015599
71.000000 125.000000 -1.951797 5.112004
74.000000 131.000000 3.879787 5.921040
83.000000 137.000000 8.077900 5.950589
95.000000 142.000000 12.534531 5.061502
109.000000 144.000000 13.831684 2.607268
113.000000 143.000000 4.466182 -1.418393
113.000000 142.000000 -0.146146 -0.316863
113.000000 142.000000 0.000000 0.000000
170.000000 145.000000 57.233826 2.040304
181.000000 144.000000 10.099191 -0.889107
188.000000 143.000000 7.896052 -0.143178
195.000000 144.000000 6.100981 0.197306
198.000000 143.000000 3.902210 -0.352337
201.000000 143.000000 2.253306 0.053238
202.000000 143.000000 1.692054 -0.030719
203.000000 143.000000 0.149881 0.061888
201.000000 143.000000 -1.198637 -0.082406
