90.000000 140.000000 -0.011384 0.268176
90.000000 140.000000 0.868356 0.673522
92.000000 141.000000 1.938253 0.270816
96.000000 141.000000 3.227767 0.695709
99.000000 141.000000 2.919040 0.049496
102.000000 139.000000 3.849811 -1.897896
108.000000 133.000000 5.194426 -6.163881
111.000000 123.000000 2.977864 -10.132061
109.000000 113.000000 -1.139195 -9.748925
104.000000 109.000000 -5.743243 -4.877765
95.000000 107.000000 -8.623446 -1.038560
83.000000 111.000000 -12.096582 3.055144
74.000000 117.000000 -9.157314 6.101976
73.000000 123.000000 -1.237465 5.916853
77.000000 129.000000 4.237313 6.917116
85.000000 135.000000 8.260991 5.103614
97.000000 139.000000 11.526395 4.061542
110.000000 142.000000 13.384152 3.829791
126.000000 144.000000 15.647177 1.051449
141.000000 146.000000 15.712795 2.028923
156.000000 146.000000 14.384847 0.084367
170.000000 145.000000 13.882910 -0.211776
183.000000 145.000000 13.824578 -0.050071
193.000000 145.000000 10.080056 -0.585984
198.000000 144.000000 4.851325 -1.266135
200.000000 143.000000 2.093034 -0.818847
199.000000 143.000000 -1.005935 -0.149939
199.000000 143.000000 -0.898008 -0.022081
