92.000000 138.000000 0.731681 0.639672
93.000000 137.000000 0.338570 -0.082372
94.000000 137.000000 1.879485 -0.142322
97.000000 137.000000 2.125994 0.141025
100.000000 136.000000 3.782179 -1.981044
101.000000 129.000000 1.010086 -6.045040
96.000000 120.000000 -5.569651 -9.822756
91.000000 118.000000 -4.776971 -1.811675
91.000000 118.000000 0.000000 0.000000
65.000000 131.000000 -26.487654 12.700514
74.000000 138.000000 9.664286 7.072118
81.000000 141.000000 6.446186 2.964195
81.000000 141.000000 0.000000 0.000000
125.000000 145.000000 43.893409 4.045211
129.000000 144.000000 4.105330 -0.866038
128.000000 142.000000 -1.066941 -1.485554
127.000000 141.000000 -0.643299 -1.234921
127.000000 140.000000 -0.136171 -0.550376
127.000000 140.000000 0.000000 0.000000
215.000000 146.000000 87.829080 6.012139
219.000000 146.000000 4.616101 -0.813771
220.000000 146.000000 1.127720 0.672240
220.000000 146.000000 -0.780341 0.000041
218.000000 146.000000 -1.132044 -0.694467
