96.000000 136.000000 -0.779161 0.912773
95.000000 138.000000 -0.266830 1.217420
98.000000 137.000000 2.253614 -0.052653
104.000000 136.000000 6.022393 -1.070866
107.000000 130.000000 3.700545 -5.943515
104.000000 124.000000 -2.983191 -6.063450
96.000000 119.000000 -8.016183 -5.792801
85.000000 117.000000 -11.741680 -2.083968
72.000000 120.000000 -12.834858 3.028217
68.000000 127.000000 -3.355613 7.908764
76.000000 136.000000 7.619808 8.177048
87.000000 142.000000 10.969146 5.905795
88.000000 142.000000 1.138384 0.647886
88.000000 142.000000 0.000000 0.000000
146.000000 145.000000 58.327275 2.489276
155.000000 145.000000 8.997664 -0.129959
155.000000 145.000000 0.000000 0.000000
196.000000 143.000000 40.856576 -1.870863
204.000000 142.000000 7.241058 -0.274413
207.000000 141.000000 2.925329 -1.033408
207.000000 141.000000 0.002081 -0.720738
206.000000 141.000000 -0.020127 0.350992
