89.000000 136.000000 -1.144817 0.851054
89.000000 137.000000 0.014822 0.036360
91.000000 137.000000 1.047258 0.901009
94.000000 137.000000 3.089495 -0.816546
98.000000 134.000000 4.858748 -3.051720
99.000000 126.000000 0.222698 -7.149961
95.000000 120.000000 -3.976715 -6.648045
86.000000 114.000000 -8.424604 -5.260930
75.000000 112.000000 -10.952048 -2.017850
65.000000 115.000000 -9.898851 2.685217
62.000000 121.000000 -3.897761 5.781973
62.000000 128.000000 0.933579 7.493693
69.000000 136.000000 6.096926 7.104563
80.000000 143.000000 11.210572 7.648002
83.000000 145.000000 3.578447 2.072579
83.000000 145.000000 0.000000 0.000000
129.000000 148.000000 46.106024 3.171762
146.000000 149.000000 16.525146 0.155348
162.000000 149.000000 15.571288 0.791301
175.000000 150.000000 13.350249 0.151240
185.000000 148.000000 9.984619 -1.900919
195.000000 146.000000 9.836330 -1.259757
205.000000 145.000000 9.845479 -1.100913
212.000000 144.000000 7.835465 -1.491535
216.000000 143.000000 3.194078 -0.297868
217.000000 142.000000 0.972424 -1.044748
217.000000 143.000000 -0.054471 0.910330
