90.000000 134.000000 -3.094458 1.003509
89.000000 135.000000 -0.962678 1.110672
90.000000 136.000000 0.140696 0.932655
92.000000 137.000000 2.795029 1.464726
97.000000 137.000000 4.178496 0.318426
100.000000 134.000000 3.070412 -3.721025
100.000000 127.000000 -0.053418 -6.188695
95.000000 121.000000 -4.198564 -6.089466
87.000000 118.000000 -7.956783 -3.827299
78.000000 117.000000 -8.979327 -0.184769
69.000000 120.000000 -9.082863 2.194347
66.000000 124.000000 -3.799563 3.957420
68.000000 129.000000 2.325663 5.008942
76.000000 133.000000 7.845184 4.963442
88.000000 138.000000 11.934200 4.750271
98.000000 142.000000 10.355196 3.534305
100.000000 142.000000 2.377160 0.162410
100.000000 142.000000 0.000000 0.000000
148.000000 145.000000 47.178812 3.580106
161.000000 147.000000 13.788681 1.138007
174.000000 148.000000 12.352141 0.955465
185.000000 147.000000 10.925097 -0.314820
193.000000 147.000000 8.007398 -0.598283
200.000000 147.000000 6.981430 -0.087171
208.000000 147.000000 7.884096 0.050663
215.000000 146.000000 7.119591 -1.105819
218.000000 144.000000 3.781592 -1.152815
221.000000 144.000000 2.127463 -0.848070
220.000000 144.000000 -0.265102 0.131714
