86.000000 135.000000 -2.125496 0.195983
86.000000 136.000000 -0.111250 1.000307
88.000000 139.000000 1.172963 2.854792
92.000000 138.000000 4.882591 -0.130888
97.000000 132.000000 4.492734 -6.753048
97.000000 123.000000 -0.394400 -8.203367
93.000000 116.000000 -4.018993 -6.949644
82.000000 115.000000 -10.479153 -1.293235
72.000000 119.000000 -9.598036 3.326401
67.000000 124.000000 -4.998750 5.860782
70.000000 130.000000 2.724002 5.185715
77.000000 136.000000 7.325102 5.987782
89.000000 139.000000 11.600069 3.869501
97.000000 142.000000 8.328001 2.171538
97.000000 142.000000 0.000000 0.000000
140.000000 145.000000 42.112616 3.768132
155.000000 147.000000 15.497337 1.200734
171.000000 149.000000 15.642002 2.035739
183.000000 149.000000 12.780714 -0.032491
194.000000 148.000000 10.478750 -0.193675
200.000000 148.000000 6.344293 -0.835420
205.000000 148.000000 4.314060 0.032674
207.000000 148.000000 2.054897 0.049988
207.000000 147.000000 -0.126995 -0.235195
206.000000 147.000000 -0.152102 -0.003570
205.000000 147.000000 -0.940879 -0.011508
