88.000000 140.000000 1.798876 0.175873
90.000000 141.000000 1.272407 0.992193
93.000000 141.000000 3.802895 0.913945
99.000000 142.000000 6.114684 0.058570
108.000000 139.000000 8.034917 -2.018413
112.000000 132.000000 4.033054 -7.019693
111.000000 123.000000 -0.133260 -9.117020
106.000000 117.000000 -5.900095 -5.906725
96.000000 114.000000 -9.097079 -3.460810
85.000000 114.000000 -11.415568 0.128124
75.000000 118.000000 -10.125270 3.410939
69.000000 125.000000 -5.513935 7.149532
71.000000 134.000000 1.267483 8.863938
78.000000 141.000000 7.857192 7.892408
91.000000 146.000000 12.300977 4.328226
106.000000 148.000000 15.155432 1.836968
118.000000 148.000000 12.221053 0.507417
118.000000 147.000000 -0.005105 -1.415980
117.000000 145.000000 -0.784703 -1.275350
117.000000 145.000000 0.000000 0.000000
182.000000 146.000000 64.226416 0.114145
191.000000 146.000000 9.771338 0.031749
197.000000 145.000000 5.302347 -0.158970
199.000000 145.000000 1.834455 -0.359954
198.000000 146.000000 -0.964805 0.460999
196.000000 145.000000 -1.327385 -0.072704
194.000000 145.000000 -1.843758 -0.170251
