104.000000 139.000000 -0.026005 1.745620
105.000000 140.000000 0.913965 0.947933
108.000000 141.000000 3.026721 0.205969
114.000000 138.000000 5.363553 -2.263181
117.000000 133.000000 2.815434 -5.744603
117.000000 126.000000 0.048315 -7.035453
112.000000 117.000000 -5.014109 -8.101157
104.000000 112.000000 -7.978150 -5.054152
92.000000 110.000000 -11.066762 -1.907132
80.000000 111.000000 -12.030207 0.982607
71.000000 117.000000 -9.600597 5.104978
68.000000 124.000000 -3.356046 7.704711
72.000000 131.000000 4.551137 7.116472
81.000000 136.000000 8.645384 4.166159
93.000000 139.000000 12.582247 3.035441
107.000000 142.000000 13.311123 2.979676
122.000000 143.000000 14.910144 1.841743
137.000000 144.000000 15.324401 1.066126
151.000000 145.000000 13.726004 0.092281
166.000000 145.000000 15.146645 0.016402
179.000000 144.000000 13.716677 -0.176122
190.000000 144.000000 11.044281 -0.044794
200.000000 144.000000 9.235918 -0.480743
205.000000 144.000000 5.731583 0.454069
208.000000 144.000000 2.880194 -0.041579
209.000000 143.000000 0.285689 -0.895225
208.000000 144.000000 -0.260613 0.156791
