95.000000 139.000000 -0.025936 0.187250
96.000000 139.000000 0.932251 0.056353
98.000000 139.000000 1.262214 -0.027281
101.000000 136.000000 3.727465 -2.181223
102.000000 128.000000 0.223457 -8.820275
95.000000 119.000000 -6.129228 -8.627558
89.000000 117.000000 -6.221522 -2.063165
89.000000 117.000000 0.000000 0.000000
70.000000 128.000000 -18.797916 11.557118
80.000000 135.000000 9.082137 6.005281
90.000000 139.000000 10.463135 4.435033
93.000000 140.000000 2.616005 1.066422
93.000000 140.000000 0.000000 0.000000
145.000000 144.000000 52.873448 3.648036
162.000000 143.000000 16.055584 -0.155344
177.000000 142.000000 15.097729 -1.004973
190.000000 143.000000 12.960037 0.018788
199.000000 141.000000 9.365274 -1.016087
205.000000 141.000000 5.698140 -0.882039
209.000000 141.000000 3.853687 -0.036454
210.000000 141.000000 1.883826 0.882187
