111.000000 142.000000 1.903866 0.294554
112.000000 141.000000 1.879782 -0.370156
116.000000 139.000000 3.242870 -2.002941
115.000000 131.000000 -0.198541 -8.082694
110.000000 121.000000 -4.993747 -9.870073
101.000000 117.000000 -9.031065 -4.912128
90.000000 116.000000 -10.957044 -0.352407
81.000000 121.000000 -9.037771 4.372178
79.000000 127.000000 -2.065817 6.074749
84.000000 134.000000 5.050743 6.875374
95.000000 139.000000 10.154774 5.981967
107.000000 143.000000 12.776823 3.870216
123.000000 145.000000 15.352765 1.259889
139.000000 147.000000 15.970774 2.017148
154.000000 147.000000 14.849677 0.156953
168.000000 148.000000 14.324210 0.941152
171.000000 147.000000 3.511822 -0.251562
171.000000 147.000000 0.000000 0.000000
205.000000 148.000000 34.064103 0.157749
210.000000 147.000000 4.990450 -0.214083
212.000000 147.000000 1.135354 0.050267
211.000000 147.000000 -0.287670 -0.167352
210.000000 147.000000 -1.598065 -0.781551
208.000000 146.000000 -2.090619 -0.482677
