99.000000 140.000000 -1.197721 0.820464
99.000000 140.000000 0.075885 -0.137217
100.000000 140.000000 0.945984 0.178996
104.000000 140.000000 3.202172 -0.099071
108.000000 138.000000 3.981821 -2.554544
107.000000 132.000000 -1.002630 -6.233556
102.000000 122.000000 -4.090111 -9.096096
95.000000 117.000000 -6.965167 -5.082397
86.000000 117.000000 -9.938813 0.092852
77.000000 121.000000 -8.968371 3.116523
73.000000 126.000000 -4.035991 5.883506
76.000000 133.000000 3.865527 6.099750
85.000000 136.000000 9.065990 3.902704
97.000000 140.000000 11.528037 3.968573
110.000000 144.000000 12.637005 3.240274
124.000000 146.000000 14.541755 2.644981
136.000000 147.000000 12.304774 1.028696
149.000000 146.000000 12.102083 -1.729789
162.000000 145.000000 13.162199 -0.379517
174.000000 144.000000 12.708637 -0.865857
184.000000 144.000000 9.167198 -0.780679
193.000000 144.000000 9.784424 -0.051498
203.000000 142.000000 9.104447 -1.245729
212.000000 142.000000 9.959233 -0.050508
219.000000 143.000000 6.820589 0.247931
224.000000 143.000000 4.237663 0.172582
225.000000 143.000000 1.088636 -0.057285
224.000000 142.000000 -0.177204 -0.165452
