79.000000 139.000000 -0.032053 0.965782
81.000000 139.000000 1.140078 0.139226
83.000000 141.000000 2.049206 1.793274
88.000000 143.000000 4.924769 2.028931
97.000000 142.000000 9.059470 -0.048013
107.000000 136.000000 10.476529 -6.036258
109.000000 127.000000 2.300689 -9.073939
104.000000 116.000000 -5.786675 -10.915669
93.000000 112.000000 -10.141134 -4.008753
82.000000 116.000000 -11.888115 3.992102
71.000000 126.000000 -10.928973 9.143936
72.000000 132.000000 0.985420 6.838270
81.000000 137.000000 9.028357 4.138350
85.000000 138.000000 4.726749 1.835276
85.000000 138.000000 0.000000 0.000000
132.000000 144.000000 47.071456 5.139358
134.000000 143.000000 1.618520 -0.532450
133.000000 142.000000 -0.737188 -0.995548
133.000000 141.000000 -0.713529 -1.053421
132.000000 140.000000 -0.581332 -1.010420
132.000000 139.000000 -0.352629 -0.932708
132.000000 139.000000 0.000000 0.000000
195.000000 143.000000 63.714570 3.582035
194.000000 143.000000 -0.988147 0.134165
194.000000 143.000000 -0.054452 0.566679
194.000000 142.000000 -0.896434 -0.832410
