98.000000 135.000000 0.488374 0.970520
100.000000 137.000000 1.734919 2.038275
103.000000 138.000000 3.122314 1.687070
109.000000 138.000000 5.961675 -0.765998
112.000000 133.000000 3.894513 -5.087250
111.000000 126.000000 -1.086407 -6.234371
106.000000 121.000000 -4.946436 -5.681514
99.000000 118.000000 -7.803968 -2.940694
89.000000 117.000000 -9.191076 -0.158713
83.000000 122.000000 -6.044651 4.051757
82.000000 127.000000 -1.851071 5.036464
86.000000 132.000000 3.957668 5.865748
95.000000 139.000000 9.933192 6.101330
108.000000 143.000000 12.840832 4.938809
113.000000 143.000000 4.627522 -0.977303
113.000000 143.000000 0.000000 0.000000
163.000000 148.000000 49.658170 5.947036
178.000000 148.000000 15.658007 -0.143111
191.000000 147.000000 12.286655 -0.868964
200.000000 148.000000 9.169409 0.092532
204.000000 147.000000 4.755437 -0.056080
205.000000 146.000000 0.914896 -0.978139
204.000000 147.000000 -0.901783 0.155742
