104.000000 137.000000 0.691261 0.085825
104.000000 137.000000 0.103586 0.855255
105.000000 137.000000 0.312905 0.108092
107.000000 138.000000 2.003895 0.015449
112.000000 136.000000 5.209808 -1.961938
113.000000 129.000000 1.593442 -6.049984
111.000000 119.000000 -2.908682 -10.351378
103.000000 113.000000 -7.764117 -5.657480
92.000000 111.000000 -10.369426 -2.019508
83.000000 116.000000 -9.323252 4.057923
79.000000 122.000000 -3.752294 6.000273
82.000000 128.000000 2.194649 6.960724
90.000000 134.000000 7.955698 5.075057
102.000000 138.000000 12.802270 4.073803
116.000000 140.000000 13.828261 2.780345
130.000000 141.000000 14.001564 0.933044
145.000000 142.000000 15.243957 0.367690
161.000000 143.000000 15.205490 0.917844
175.000000 142.000000 13.995426 -0.250064
186.000000 142.000000 11.343906 -0.841389
197.000000 141.000000 10.652274 -0.137881
204.000000 142.000000 7.894765 0.230531
209.000000 141.000000 4.036887 -0.225945
211.000000 142.000000 2.734518 1.078900
212.000000 142.000000 0.509776 -0.110003
212.000000 142.000000 -0.242135 0.079043
