86.000000 139.000000 1.052493 1.585053
90.000000 140.000000 3.064422 1.744840
96.000000 139.000000 6.689965 -1.051905
104.000000 133.000000 7.412871 -5.970546
103.000000 122.000000 -1.043732 -10.992019
94.000000 115.000000 -8.096689 -7.057191
83.000000 114.000000 -11.023971 -0.908096
74.000000 119.000000 -9.828829 4.406686
70.000000 127.000000 -3.162566 7.765573
76.000000 134.000000 5.051435 7.334794
87.000000 139.000000 11.259795 4.612007
90.000000 140.000000 3.346325 1.631802
90.000000 140.000000 0.000000 0.000000
136.000000 143.000000 45.419645 2.302531
152.000000 143.000000 16.039617 0.380715
166.000000 144.000000 14.424306 1.045874
181.000000 144.000000 14.641985 -0.207325
194.000000 144.000000 13.850385 0.518397
203.000000 144.000000 8.085871 0.049100
206.000000 144.000000 3.833787 0.127152
208.000000 143.000000 1.321579 -1.036978
207.000000 143.000000 -0.495687 -0.061426
