90.000000 138.000000 0.913054 0.300720
92.000000 138.000000 1.959704 0.171696
97.000000 136.000000 5.036147 -1.382214
101.000000 130.000000 3.051712 -6.067777
100.000000 121.000000 -0.627979 -8.943624
93.000000 116.000000 -6.734063 -5.698753
82.000000 114.000000 -10.975237 -2.227914
71.000000 115.000000 -10.733944 0.999356
65.000000 120.000000 -6.938930 4.961646
65.000000 126.000000 -0.006204 6.971616
71.000000 132.000000 5.987118 5.694019
82.000000 137.000000 11.143337 4.361630
84.000000 138.000000 2.669946 1.495513
84.000000 138.000000 0.000000 0.000000
133.000000 145.000000 48.198881 7.372520
148.000000 147.000000 15.974097 1.188475
162.000000 148.000000 13.972830 0.954691
175.000000 147.000000 12.949324 -0.281111
184.000000 147.000000 8.963318 -0.704446
190.000000 146.000000 5.177084 -0.994478
192.000000 145.000000 2.097955 -0.226910
193.000000 145.000000 0.905687 0.021393
191.000000 145.000000 -1.131540 -0.081470
