237.000000 136.000000 0.184152 0.133066
236.000000 136.000000 -0.229507 0.880865
235.000000 136.000000 -0.976630 -0.024762
232.000000 136.000000 -3.745036 -0.871096
227.000000 133.000000 -4.253854 -2.940891
225.000000 124.000000 -1.982183 -8.162998
226.000000 114.000000 0.260849 -10.914691
231.000000 109.000000 5.700622 -4.057864
239.000000 109.000000 7.119845 -0.940664
246.000000 112.000000 7.030233 3.041294
251.000000 119.000000 5.619184 7.569545
252.000000 127.000000 0.379181 8.130883
247.000000 130.000000 -4.981559 3.113155
238.000000 133.000000 -8.203900 2.173742
227.000000 134.000000 -11.790184 1.831804
213.000000 134.000000 -13.076300 -0.825413
199.000000 132.000000 -14.447826 -2.038796
183.000000 128.000000 -15.612324 -3.038963
168.000000 128.000000 -15.803666 -0.268318
152.000000 128.000000 -16.096956 0.085207
138.000000 128.000000 -13.963972 -0.738300
125.000000 127.000000 -12.992869 -0.216091
115.000000 128.000000 -9.183009 0.160561
111.000000 127.000000 -4.852643 -0.122230
109.000000 127.000000 -1.678933 -0.691177
109.000000 127.000000 -0.323546 0.782387
108.000000 127.000000 -0.119882 -0.074221
109.000000 128.000000 0.107675 0.121795
