234.000000 143.000000 -0.073000 0.689756
235.000000 143.000000 0.116778 -0.204529
233.000000 143.000000 -1.233069 0.232079
231.000000 142.000000 -2.441821 -1.083146
229.000000 140.000000 -1.650979 -1.978347
228.000000 136.000000 -0.724392 -4.801654
230.000000 126.000000 1.079692 -9.094927
233.000000 116.000000 2.959536 -10.016732
238.000000 110.000000 5.864895 -6.872583
245.000000 108.000000 6.635396 -2.056198
252.000000 112.000000 6.481456 4.047281
256.000000 117.000000 4.131774 5.805622
257.000000 126.000000 0.923250 8.234259
252.000000 132.000000 -4.157826 6.832675
244.000000 137.000000 -8.046957 5.055969
234.000000 141.000000 -10.484302 3.787174
222.000000 142.000000 -11.416711 1.015494
210.000000 142.000000 -12.907189 -0.712097
197.000000 141.000000 -13.023239 -0.317522
183.000000 141.000000 -13.889709 0.179147
168.000000 139.000000 -14.244076 -2.076747
152.000000 139.000000 -15.909788 -0.862714
139.000000 138.000000 -13.925940 -0.097696
125.000000 139.000000 -13.965814 1.042476
112.000000 139.000000 -13.029726 0.041018
101.000000 139.000000 -11.038037 -0.949527
92.000000 138.000000 -8.093053 -0.076932
89.000000 138.000000 -3.928478 -0.077440
