227.000000 134.000000 0.881647 0.240903
227.000000 135.000000 -0.766545 0.999983
225.000000 134.000000 -2.081470 -0.127711
222.000000 134.000000 -2.038343 0.043466
218.000000 132.000000 -4.524406 -2.051024
215.000000 127.000000 -3.303080 -4.919312
215.000000 119.000000 -0.140858 -8.304825
216.000000 113.000000 1.976041 -5.724750
221.000000 109.000000 4.074657 -4.173167
226.000000 107.000000 5.899715 -1.881131
232.000000 106.000000 5.206317 -0.998865
236.000000 107.000000 4.782613 1.089691
239.000000 111.000000 2.149177 3.125564
240.000000 115.000000 1.800714 4.311952
238.000000 120.000000 -1.975267 4.750858
233.000000 122.000000 -5.878529 2.752495
225.000000 123.000000 -7.099282 0.942123
216.000000 125.000000 -9.080460 2.065306
204.000000 126.000000 -12.029176 0.978689
191.000000 126.000000 -13.848941 0.049631
177.000000 128.000000 -13.854738 1.066530
160.000000 128.000000 -16.873236 0.100421
144.000000 128.000000 -15.706872 0.791569
129.000000 128.000000 -14.675272 0.075301
116.000000 129.000000 -13.887900 0.079403
106.000000 128.000000 -9.172741 -0.181456
103.000000 129.000000 -3.814351 0.112890
101.000000 128.000000 -1.039625 -0.162578
100.000000 130.000000 -0.992413 1.155222
