225.000000 137.000000 -0.138469 0.786384
224.000000 136.000000 -1.620296 -1.045971
219.000000 131.000000 -4.065660 -5.740418
219.000000 119.000000 -0.167685 -11.066780
224.000000 114.000000 4.420420 -5.938800
231.000000 111.000000 7.013183 -2.142811
239.000000 115.000000 8.738312 4.070072
244.000000 122.000000 4.062806 6.138028
242.000000 128.000000 -1.954821 6.063875
236.000000 130.000000 -6.030161 2.738347
226.000000 132.000000 -9.928113 2.052718
213.000000 133.000000 -13.107353 0.941857
197.000000 133.000000 -15.148973 -0.028746
182.000000 133.000000 -14.908336 -0.824701
167.000000 132.000000 -15.126636 -0.937324
153.000000 132.000000 -14.825951 0.694233
140.000000 133.000000 -12.959478 0.302993
129.000000 134.000000 -10.171816 1.733744
121.000000 136.000000 -7.891650 1.343286
117.000000 135.000000 -4.870875 -0.233411
116.000000 135.000000 -0.884116 -0.906131
115.000000 134.000000 -0.368216 -1.002319
115.000000 134.000000 -0.790295 -0.040537
