225.000000 135.000000 -0.055336 0.899045
224.000000 135.000000 -0.246506 0.005091
224.000000 136.000000 -0.753932 0.964486
221.000000 136.000000 -2.172825 -0.251401
219.000000 134.000000 -2.175153 -1.781115
218.000000 130.000000 -0.868051 -4.852145
221.000000 121.000000 2.254209 -8.283125
226.000000 114.000000 4.844516 -7.751736
233.000000 110.000000 7.026590 -3.072196
240.000000 112.000000 7.109203 1.074970
245.000000 114.000000 4.855769 1.979649
246.000000 119.000000 1.024562 5.044874
244.000000 125.000000 -1.146447 5.981070
239.000000 128.000000 -4.922722 3.940242
232.000000 135.000000 -7.191939 6.031544
221.000000 137.000000 -10.864706 2.803686
209.000000 139.000000 -12.841264 2.130677
195.000000 140.000000 -14.047927 0.764916
180.000000 140.000000 -14.070721 -0.686159
162.000000 140.000000 -18.409345 0.138733
146.000000 140.000000 -16.496161 0.759916
132.000000 139.000000 -14.004910 -0.996694
119.000000 139.000000 -12.158355 -0.929898
109.000000 138.000000 -9.889341 -0.805508
103.000000 137.000000 -6.942647 -0.606572
100.000000 137.000000 -3.044886 -0.516356
99.000000 136.000000 -0.136685 -0.185451
