230.000000 137.000000 -0.007628 -0.309605
230.000000 138.000000 0.021881 0.230230
228.000000 137.000000 -1.057881 -0.216187
228.000000 137.000000 -0.852414 -0.757155
225.000000 134.000000 -2.950408 -2.080188
223.000000 129.000000 -2.072054 -5.137957
222.000000 119.000000 -0.124608 -10.267202
224.000000 110.000000 2.008794 -9.532601
230.000000 106.000000 5.918787 -3.139901
237.000000 106.000000 6.155869 -0.898920
244.000000 110.000000 7.006418 4.110208
248.000000 115.000000 3.993985 5.839515
245.000000 120.000000 -2.999812 4.936034
239.000000 124.000000 -5.145743 3.200120
231.000000 128.000000 -8.908930 4.079513
219.000000 131.000000 -11.153446 2.833056
206.000000 131.000000 -13.038053 0.600830
192.000000 130.000000 -14.759676 -0.695704
179.000000 129.000000 -12.223065 -0.996458
165.000000 128.000000 -14.776106 -1.704273
147.000000 127.000000 -17.792748 -0.695863
136.000000 127.000000 -10.966316 0.443004
136.000000 127.000000 0.000000 0.000000
96.000000 126.000000 -39.355832 -1.907492
90.000000 125.000000 -6.943238 -0.164483
88.000000 126.000000 -1.055947 0.157758
87.000000 126.000000 -0.969246 0.950170
87.000000 128.000000 -0.945107 1.025613
87.000000 127.000000 -0.016576 -0.139344
87.000000 128.000000 0.914269 0.166592
88.000000 127.000000 0.097141 -0.062058
