229.000000 138.000000 -0.498805 0.819109
228.000000 138.000000 -0.354065 -0.043973
226.000000 138.000000 -1.933461 0.076976
224.000000 137.000000 -2.078786 -0.972626
223.000000 134.000000 -1.815386 -3.861157
222.000000 130.000000 -0.801312 -4.095325
225.000000 122.000000 2.779937 -7.175948
230.000000 115.000000 5.069312 -6.954655
236.000000 113.000000 5.959550 -2.752475
243.000000 114.000000 7.107411 0.951237
248.000000 117.000000 5.702049 3.898357
251.000000 126.000000 2.323553 8.952493
245.000000 130.000000 -5.206269 3.958580
238.000000 133.000000 -7.802303 2.317436
230.000000 136.000000 -7.734154 3.655903
219.000000 138.000000 -10.600199 1.276162
205.000000 137.000000 -13.939972 -0.921133
194.000000 136.000000 -10.919823 -0.385225
179.000000 136.000000 -14.999150 -0.736489
166.000000 137.000000 -13.101700 1.069399
151.000000 138.000000 -14.973005 1.002773
138.000000 137.000000 -13.904347 -0.321655
122.000000 138.000000 -15.257299 0.217249
109.000000 138.000000 -13.728077 0.882497
99.000000 138.000000 -9.167908 -0.129896
94.000000 137.000000 -5.678842 -0.895161
92.000000 136.000000 -2.040125 -0.980959
92.000000 138.000000 -0.007496 1.384495
92.000000 139.000000 -0.096179 0.772441
