231.000000 132.000000 -0.515958 0.082021
230.000000 133.000000 -1.012366 0.128220
229.000000 133.000000 -0.593893 0.689578
228.000000 133.000000 -1.592161 -0.478324
226.000000 132.000000 -1.558012 -1.157693
225.000000 127.000000 -1.368690 -4.853428
226.000000 120.000000 1.107433 -7.200473
229.000000 112.000000 2.928586 -7.443063
232.000000 108.000000 3.860927 -3.889639
238.000000 105.000000 5.520569 -2.749446
245.000000 108.000000 6.621696 2.095865
248.000000 111.000000 2.955529 3.092022
248.000000 118.000000 -0.049772 7.746011
244.000000 123.000000 -3.046631 4.447105
238.000000 127.000000 -6.963736 4.337607
227.000000 131.000000 -10.064244 3.417692
215.000000 131.000000 -12.257550 0.337038
201.000000 131.000000 -13.923594 0.379772
189.000000 130.000000 -12.722148 -0.978343
174.000000 130.000000 -14.181148 0.033265
157.000000 132.000000 -16.876233 1.200790
142.000000 132.000000 -15.238107 0.075075
127.000000 133.000000 -15.657365 0.878692
112.000000 132.000000 -14.217571 -0.201414
105.000000 131.000000 -7.794914 -0.903231
101.000000 131.000000 -3.216392 -0.069922
100.000000 131.000000 -1.844588 -0.029917
97.000000 131.000000 -2.062391 0.036674
98.000000 131.000000 0.065790 -0.475101
98.000000 130.000000 0.039157 -0.437085
