230.000000 134.000000 -0.000164 0.912084
229.000000 134.000000 -0.840279 -0.102383
229.000000 134.000000 -0.859380 0.192212
227.000000 134.000000 -1.165493 -0.262607
225.000000 132.000000 -2.770674 -1.975187
225.000000 124.000000 -0.094513 -8.563650
226.000000 116.000000 1.922229 -8.036832
232.000000 110.000000 5.922499 -5.128956
237.000000 109.000000 4.547742 -1.021736
242.000000 113.000000 5.509891 3.160852
244.000000 119.000000 1.053894 5.902886
241.000000 122.000000 -3.024344 3.928033
233.000000 127.000000 -7.949086 4.165775
223.000000 131.000000 -9.826617 4.074900
208.000000 134.000000 -15.028808 3.070120
192.000000 135.000000 -15.959351 0.789163
175.000000 132.000000 -16.467923 -2.092799
162.000000 130.000000 -13.661416 -2.829865
146.000000 130.000000 -15.197568 0.064154
136.000000 129.000000 -10.823258 -0.290757
131.000000 129.000000 -5.061322 -0.855530
129.000000 128.000000 -1.198292 -0.830667
130.000000 128.000000 0.308765 -0.063664
129.000000 127.000000 -0.283035 -0.191860
