226.000000 136.000000 0.105148 -0.727752
225.000000 136.000000 -1.003066 0.046107
223.000000 136.000000 -1.958881 0.527786
219.000000 136.000000 -3.206702 -0.557981
217.000000 132.000000 -2.664470 -3.936680
217.000000 123.000000 0.480959 -8.326083
221.000000 115.000000 4.220755 -8.044016
227.000000 111.000000 5.251848 -4.793742
236.000000 112.000000 8.882978 1.892686
242.000000 116.000000 6.379246 3.921372
245.000000 123.000000 3.464579 6.132556
242.000000 125.000000 -3.837710 2.203454
234.000000 127.000000 -7.229414 1.919307
226.000000 129.000000 -8.772713 1.897954
215.000000 132.000000 -11.019626 3.138194
201.000000 132.000000 -13.057918 -0.082362
185.000000 130.000000 -16.295065 -1.321846
170.000000 131.000000 -14.809522 0.474341
152.000000 134.000000 -18.045935 2.827457
139.000000 134.000000 -13.823203 0.864300
124.000000 134.000000 -14.239017 -0.016680
110.000000 132.000000 -14.310044 -2.077817
100.000000 130.000000 -9.599814 -2.274845
95.000000 129.000000 -4.955194 -1.483803
94.000000 128.000000 -1.517269 -1.021463
94.000000 127.000000 -0.369302 -0.153613
94.000000 127.000000 0.951811 0.076998
95.000000 129.000000 0.186917 1.111975
95.000000 129.000000 0.774296 -0.022529
96.000000 129.000000 0.085556 0.012707
96.000000 129.000000 0.000000 0.000000
