221.000000 133.000000 -0.829351 -0.025409
218.000000 133.000000 -2.280522 -0.222778
216.000000 132.000000 -2.701578 -1.331610
215.000000 124.000000 -1.144267 -7.367335
218.000000 115.000000 3.157261 -9.807066
224.000000 109.000000 5.842874 -5.152828
233.000000 110.000000 9.073555 1.146824
240.000000 115.000000 6.930085 4.062238
242.000000 122.000000 2.092697 7.831347
237.000000 127.000000 -5.013747 4.111199
228.000000 129.000000 -8.175946 2.145544
216.000000 131.000000 -12.169697 2.059368
203.000000 131.000000 -13.636844 -0.137805
188.000000 128.000000 -14.176141 -2.087798
173.000000 127.000000 -15.921482 -1.106027
154.000000 128.000000 -18.120868 0.208811
137.000000 128.000000 -17.120916 0.798804
120.000000 127.000000 -16.848668 -0.945858
109.000000 126.000000 -11.841952 -0.996172
103.000000 127.000000 -5.289625 1.022938
102.000000 128.000000 -1.645395 0.980670
100.000000 129.000000 -1.168026 0.084483
101.000000 130.000000 0.069166 0.987739
102.000000 129.000000 1.023415 -0.152566
