234.000000 136.000000 -0.550258 0.784539
232.000000 137.000000 -1.293195 0.894616
230.000000 137.000000 -2.108158 0.100639
228.000000 137.000000 -1.949277 -0.070285
226.000000 136.000000 -2.041872 -0.889724
225.000000 131.000000 -1.197217 -5.114845
227.000000 124.000000 1.449490 -7.831450
232.000000 115.000000 4.937829 -8.269360
237.000000 111.000000 5.790786 -4.766604
244.000000 109.000000 7.080699 -1.146983
251.000000 111.000000 6.080268 1.625588
255.000000 117.000000 4.045103 6.121376
255.000000 126.000000 0.019952 8.688039
249.000000 134.000000 -5.206632 7.715756
240.000000 139.000000 -9.438137 5.885554
230.000000 143.000000 -10.425040 3.925279
217.000000 145.000000 -12.121604 2.104598
203.000000 145.000000 -14.118118 -0.249060
189.000000 146.000000 -13.885826 0.461391
173.000000 144.000000 -16.100083 -1.167503
158.000000 143.000000 -14.944081 -1.088367
145.000000 143.000000 -13.517079 -0.723957
132.000000 142.000000 -13.245306 -0.988319
117.000000 141.000000 -14.213199 -0.230600
104.000000 141.000000 -12.881056 0.037417
97.000000 141.000000 -7.096615 0.016209
94.000000 140.000000 -2.925908 -1.105520
