234.000000 138.000000 -0.960047 0.226107
233.000000 139.000000 -1.178822 1.047108
230.000000 140.000000 -2.038763 1.142956
225.000000 141.000000 -5.981522 0.879548
222.000000 139.000000 -2.982766 -1.966882
222.000000 134.000000 0.695560 -5.083739
226.000000 126.000000 3.296191 -7.150221
230.000000 120.000000 4.917245 -6.813444
236.000000 115.000000 5.217718 -4.431711
242.000000 113.000000 5.868531 -1.817521
248.000000 113.000000 6.083681 0.018988
253.000000 117.000000 4.951379 3.134420
256.000000 123.000000 3.889725 6.935534
255.000000 131.000000 -1.016773 7.992194
251.000000 136.000000 -4.836307 4.081006
243.000000 140.000000 -8.032212 4.918215
234.000000 144.000000 -8.714060 3.106177
224.000000 145.000000 -9.847188 0.969882
212.000000 144.000000 -12.410205 -0.977356
197.000000 142.000000 -14.127427 -1.215342
183.000000 142.000000 -14.900661 -0.591996
165.000000 142.000000 -18.052596 -0.151012
148.000000 142.000000 -16.750069 0.122280
132.000000 141.000000 -15.268062 -0.257401
117.000000 141.000000 -15.706655 -0.779526
101.000000 140.000000 -15.495571 -0.176120
90.000000 140.000000 -11.766939 0.008372
83.000000 140.000000 -6.067306 -0.967859
82.000000 139.000000 -1.022379 -0.062613
