232.000000 140.000000 -0.231677 0.686672
231.000000 140.000000 -1.010266 -0.139228
230.000000 139.000000 -1.043651 -0.748297
227.000000 140.000000 -2.843598 0.059328
222.000000 137.000000 -4.944346 -2.237318
220.000000 132.000000 -2.072940 -4.874742
221.000000 127.000000 1.037798 -5.792313
225.000000 122.000000 3.342234 -4.852678
229.000000 119.000000 4.712504 -2.408512
233.000000 117.000000 3.975687 -2.820403
240.000000 115.000000 6.068819 -1.839302
244.000000 116.000000 4.896083 0.825824
248.000000 119.000000 3.216854 3.910884
248.000000 125.000000 0.872536 6.007209
246.000000 129.000000 -2.992702 3.960009
240.000000 135.000000 -5.987076 5.281413
232.000000 138.000000 -7.860148 3.737851
222.000000 140.000000 -9.253217 1.815876
213.000000 143.000000 -9.900947 2.288304
198.000000 142.000000 -14.195767 -0.251835
184.000000 143.000000 -13.832066 0.232425
170.000000 143.000000 -14.864470 0.928007
155.000000 145.000000 -14.184720 1.787698
143.000000 144.000000 -12.830365 -0.755354
130.000000 144.000000 -12.100729 -0.918913
118.000000 143.000000 -12.872839 -0.992137
107.000000 143.000000 -10.260811 0.011040
101.000000 143.000000 -6.821603 -0.044945
97.000000 143.000000 -3.221693 -0.003169
96.000000 142.000000 -1.795388 -0.815354
96.000000 142.000000 0.806702 0.670222
97.000000 142.000000 0.278876 -0.005099
97.000000 143.000000 -0.069476 0.202582
96.000000 144.000000 -0.071895 0.965769
