238.000000 140.000000 1.093195 0.882523
238.000000 140.000000 -0.795611 0.549490
237.000000 141.000000 -0.255048 0.454225
236.000000 140.000000 -1.065863 -0.134867
235.000000 140.000000 -1.822332 -0.881648
232.000000 139.000000 -3.017372 -0.310025
230.000000 139.000000 -1.279145 -0.729225
228.000000 135.000000 -1.791091 -4.003597
228.000000 126.000000 -0.131754 -8.035106
232.000000 119.000000 3.279611 -7.025599
237.000000 113.000000 5.850731 -6.012778
242.000000 112.000000 5.003064 -1.153742
250.000000 113.000000 7.033925 1.159459
253.000000 118.000000 3.993534 4.037953
254.000000 123.000000 0.957629 5.942669
252.000000 131.000000 -1.991945 7.170605
248.000000 135.000000 -4.926503 3.931188
238.000000 140.000000 -9.207461 5.841919
228.000000 143.000000 -10.722307 2.391120
214.000000 143.000000 -14.078130 -0.202083
199.000000 143.000000 -14.206047 0.735607
182.000000 143.000000 -17.761661 -0.583865
166.000000 141.000000 -15.720461 -1.268105
162.000000 141.000000 -3.792469 -0.067594
162.000000 141.000000 0.000000 0.000000
119.000000 143.000000 -43.537784 1.998143
106.000000 143.000000 -12.041385 -0.704323
97.000000 142.000000 -9.044716 -1.151857
94.000000 141.000000 -3.025547 -0.047334
95.000000 141.000000 0.163546 -0.065282
95.000000 142.000000 0.565905 0.166155
95.000000 142.000000 0.300672 -0.076178
95.000000 141.000000 0.008659 -0.942334
95.000000 141.000000 0.030476 0.834879
