228.000000 143.000000 0.791983 -0.136187
228.000000 143.000000 -0.689318 0.005065
226.000000 143.000000 -2.151235 0.023521
221.000000 141.000000 -4.183504 -2.727409
219.000000 134.000000 -2.120423 -6.300315
220.000000 123.000000 1.157032 -11.044020
225.000000 114.000000 4.178111 -9.549800
232.000000 111.000000 6.999444 -3.096695
240.000000 111.000000 8.050976 -0.122163
246.000000 115.000000 6.796985 3.985856
251.000000 122.000000 4.084958 6.924348
250.000000 127.000000 -0.900948 5.774816
245.000000 131.000000 -4.277467 3.251930
237.000000 133.000000 -8.090785 2.755975
226.000000 134.000000 -10.949560 1.186502
214.000000 136.000000 -12.729914 1.090646
200.000000 136.000000 -13.176067 0.065015
189.000000 137.000000 -11.744741 0.935272
175.000000 137.000000 -14.112220 0.834475
156.000000 138.000000 -18.916794 0.179504
141.000000 140.000000 -14.915003 2.825748
123.000000 141.000000 -17.676500 0.637356
108.000000 142.000000 -14.592651 1.422295
99.000000 141.000000 -9.921413 -1.891756
93.000000 140.000000 -6.001763 -0.977519
90.000000 139.000000 -2.151931 -1.101420
90.000000 139.000000 -0.468263 0.024276
91.000000 138.000000 0.652216 -0.069193
91.000000 139.000000 0.049915 0.146372
