232.000000 137.000000 0.139709 0.100466
231.000000 138.000000 -0.335217 0.369510
230.000000 139.000000 -0.977960 0.948913
228.000000 139.000000 -2.658212 -0.198396
226.000000 135.000000 -1.431202 -4.003011
227.000000 128.000000 1.150355 -6.161922
231.000000 122.000000 3.195566 -6.061054
235.000000 117.000000 4.801773 -5.797299
240.000000 113.000000 4.185519 -3.034634
245.000000 112.000000 5.419198 -1.015951
250.000000 116.000000 4.890486 3.138791
251.000000 120.000000 1.519893 4.738245
250.000000 125.000000 -0.966735 5.145641
246.000000 129.000000 -4.028399 3.860352
239.000000 134.000000 -7.017447 5.098883
232.000000 138.000000 -7.875655 3.975298
220.000000 139.000000 -11.126248 0.853237
208.000000 139.000000 -12.746079 -0.086637
194.000000 139.000000 -14.101408 -0.628958
178.000000 138.000000 -15.839192 -0.980821
162.000000 139.000000 -15.306081 1.123320
147.000000 140.000000 -15.893237 1.578880
133.000000 140.000000 -13.047018 0.170215
120.000000 140.000000 -13.119465 -0.888149
106.000000 140.000000 -14.810189 -0.047180
92.000000 140.000000 -13.062081 0.061928
84.000000 140.000000 -7.986918 -0.055016
83.000000 138.000000 -1.255563 -1.092501
84.000000 137.000000 0.301744 -0.982779
