229.000000 142.000000 -0.669213 -0.095836
229.000000 143.000000 0.031269 0.295705
228.000000 143.000000 -0.347551 -0.050546
228.000000 143.000000 0.142127 0.030477
227.000000 142.000000 -0.901519 -0.853027
226.000000 141.000000 -1.186367 -0.286395
225.000000 140.000000 -1.736477 -1.054675
222.000000 139.000000 -2.097133 -1.532495
220.000000 136.000000 -2.049658 -3.262672
221.000000 129.000000 1.049193 -6.831138
224.000000 118.000000 2.565432 -11.171403
229.000000 110.000000 5.389250 -7.357742
236.000000 108.000000 6.125977 -2.619518
243.000000 108.000000 7.818443 0.856593
248.000000 112.000000 4.442261 3.974486
250.000000 118.000000 1.808100 6.090107
250.000000 126.000000 -0.067128 7.031736
246.000000 133.000000 -3.096514 7.071257
239.000000 139.000000 -6.920412 6.008435
230.000000 141.000000 -9.013702 1.952608
218.000000 143.000000 -12.140532 2.201765
204.000000 145.000000 -13.956834 1.850839
188.000000 145.000000 -16.794666 0.816236
170.000000 146.000000 -18.090233 0.327133
150.000000 146.000000 -19.317870 -0.077893
133.000000 145.000000 -16.728217 -0.867154
119.000000 144.000000 -14.840277 -0.736367
107.000000 144.000000 -11.604693 -0.488059
101.000000 141.000000 -5.569117 -2.199746
98.000000 140.000000 -2.943463 -1.076973
98.000000 140.000000 -0.929009 0.130235
98.000000 141.000000 -0.062425 0.937811
98.000000 141.000000 -0.002148 -0.012695
