222.000000 140.000000 -0.123982 -0.099124
221.000000 141.000000 -1.576339 0.884040
219.000000 141.000000 -1.477939 0.110602
216.000000 141.000000 -2.858183 -0.770386
213.000000 137.000000 -3.813885 -3.224087
211.000000 131.000000 -1.650753 -6.073852
212.000000 118.000000 0.564842 -13.830591
217.000000 110.000000 5.055376 -7.977149
225.000000 107.000000 8.061607 -2.083797
232.000000 109.000000 7.794618 2.012567
238.000000 114.000000 5.972627 4.181932
241.000000 119.000000 2.170074 4.938777
240.000000 126.000000 -0.193342 7.064788
237.000000 131.000000 -3.911659 5.014820
229.000000 135.000000 -7.166097 3.865929
218.000000 136.000000 -11.757412 1.946259
203.000000 137.000000 -14.282754 0.056333
188.000000 136.000000 -14.995633 -0.828314
172.000000 134.000000 -16.016938 -2.029177
155.000000 133.000000 -17.725452 -0.328406
139.000000 132.000000 -15.257813 -0.947440
123.000000 131.000000 -15.927761 -1.297956
109.000000 130.000000 -14.772065 -1.593144
96.000000 129.000000 -12.139622 -0.158455
89.000000 130.000000 -7.364782 0.184678
86.000000 129.000000 -2.669487 -0.061846
87.000000 129.000000 0.065986 -0.946810
87.000000 128.000000 0.117436 -0.036329
