227.000000 141.000000 -0.901928 0.747301
227.000000 141.000000 -0.842620 0.119235
224.000000 140.000000 -2.276275 -1.712487
222.000000 136.000000 -1.979897 -3.516868
222.000000 132.000000 -0.031152 -3.933043
224.000000 124.000000 2.127635 -8.589869
230.000000 117.000000 5.024497 -7.042326
236.000000 113.000000 6.759210 -4.083807
244.000000 113.000000 7.274888 0.060255
250.000000 117.000000 6.773843 3.922433
254.000000 125.000000 3.264388 8.090107
252.000000 130.000000 -1.965451 5.827686
245.000000 134.000000 -6.392301 3.958661
235.000000 137.000000 -9.842640 3.017829
223.000000 138.000000 -11.908192 0.920906
209.000000 138.000000 -14.947057 -0.677931
193.000000 136.000000 -15.068555 -1.296787
177.000000 136.000000 -16.821664 0.056634
161.000000 135.000000 -15.613630 -0.945656
145.000000 136.000000 -16.383313 0.161598
131.000000 135.000000 -14.138226 -1.005463
115.000000 134.000000 -15.069585 -0.989608
104.000000 134.000000 -11.821241 -0.100597
97.000000 133.000000 -6.876242 -0.998972
95.000000 133.000000 -2.161914 0.826524
94.000000 134.000000 -0.949922 0.200217
93.000000 133.000000 -0.158253 -0.188317
94.000000 135.000000 0.149573 1.113543
