162.000000 58.000000 0.855470 0.627091
162.000000 60.000000 0.023474 1.426244
163.000000 64.000000 0.012753 4.919086
163.000000 74.000000 0.075010 9.672964
163.000000 89.000000 0.056917 14.408568
163.000000 105.000000 -0.028347 16.626735
160.000000 121.000000 -2.331450 15.650731
158.000000 134.000000 -1.835523 12.865934
157.000000 142.000000 -1.673892 8.783750
156.000000 147.000000 -1.030456 4.845735
155.000000 149.000000 -1.080329 1.195018
155.000000 149.000000 -0.146502 0.109615
155.000000 148.000000 0.837158 -0.227397
155.000000 148.000000 -0.001880 -0.045677
155.000000 150.000000 -0.073576 2.124554
