189.000000 138.000000 -0.168883 0.024358
189.000000 138.000000 -0.093860 0.038975
186.000000 136.000000 -2.987181 -2.003060
180.000000 131.000000 -6.792216 -4.765511
171.000000 124.000000 -8.873566 -6.492173
159.000000 116.000000 -11.272512 -8.181680
146.000000 106.000000 -13.202027 -10.190252
135.000000 97.000000 -11.514585 -9.190600
131.000000 93.000000 -4.139805 -3.832082
131.000000 93.000000 0.000000 0.000000
99.000000 71.000000 -31.977560 -22.404372
94.000000 68.000000 -5.075792 -2.127899
94.000000 68.000000 0.105168 -0.019270
94.000000 68.000000 0.213263 0.065688
94.000000 68.000000 -0.314409 0.019351
94.000000 68.000000 0.126625 -0.045308
94.000000 68.000000 -0.026717 -0.025850
