138.000000 125.000000 0.100608 -0.092391
138.000000 124.000000 -0.078853 -0.231473
138.000000 124.000000 0.096638 -0.224458
139.000000 123.000000 0.804761 -1.471374
141.000000 116.000000 1.416002 -6.980412
142.000000 109.000000 1.656925 -6.274052
145.000000 101.000000 2.972317 -7.953211
147.000000 92.000000 2.117288 -9.701818
150.000000 83.000000 2.182774 -9.080528
152.000000 74.000000 2.022970 -8.211141
154.000000 67.000000 1.911825 -7.864618
153.000000 59.000000 -0.144869 -7.860943
154.000000 54.000000 0.693166 -5.126792
155.000000 52.000000 1.328343 -2.013393
156.000000 51.000000 0.193502 -0.501670
155.000000 51.000000 -0.131642 -0.447118
