240.000000 117.000000 0.063568 0.122405
240.000000 117.000000 0.000000 0.000000
240.000000 117.000000 -0.963622 0.004618
239.000000 117.000000 -0.210524 -0.015763
239.000000 116.000000 0.145488 -0.216341
239.000000 116.000000 -0.758955 0.011222
238.000000 117.000000 -1.093853 0.349146
231.000000 117.000000 -7.032080 -0.188899
222.000000 118.000000 -8.244189 0.998848
214.000000 119.000000 -7.963155 0.927496
206.000000 119.000000 -7.929019 0.753941
195.000000 120.000000 -11.855486 0.276404
184.000000 119.000000 -10.262324 -0.139986
174.000000 119.000000 -10.710136 -0.807026
158.000000 119.000000 -15.903527 0.032730
143.000000 119.000000 -14.236171 -0.086570
130.000000 118.000000 -13.932188 -0.485785
113.000000 119.000000 -16.559647 0.409554
97.000000 118.000000 -16.202823 -0.039946
84.000000 118.000000 -12.290389 -0.886942
79.000000 117.000000 -5.954200 -1.057187
77.000000 116.000000 -1.985622 -0.066197
76.000000 115.000000 -1.019144 -0.967166
75.000000 116.000000 -0.965261 0.095262
76.000000 115.000000 0.985435 -0.139054
