154.000000 49.000000 0.880958 0.037859
155.000000 50.000000 0.052126 0.126780
155.000000 51.000000 0.117495 0.927928
155.000000 54.000000 0.867406 3.973478
156.000000 62.000000 0.053736 7.858657
156.000000 75.000000 0.516584 12.607387
157.000000 78.000000 0.557182 3.062066
157.000000 78.000000 0.000000 0.000000
159.000000 125.000000 2.806520 46.641447
158.000000 134.000000 -1.902122 8.856908
157.000000 139.000000 -0.839901 5.135040
157.000000 140.000000 -0.171406 1.848137
157.000000 140.000000 0.950307 -0.237843
157.000000 140.000000 -0.735983 -0.622574
157.000000 139.000000 0.037527 -0.251591
