87.000000 117.000000 0.298572 0.040123
88.000000 117.000000 0.213189 0.035793
91.000000 118.000000 3.586710 0.949533
99.000000 120.000000 7.287974 1.203445
109.000000 120.000000 9.985097 0.740891
121.000000 121.000000 12.070518 0.163812
136.000000 121.000000 15.068870 0.703497
153.000000 120.000000 17.030262 -0.901538
168.000000 119.000000 15.117685 -1.702828
181.000000 118.000000 13.560812 -0.432496
193.000000 117.000000 11.384862 -0.873688
206.000000 117.000000 12.793837 -0.013444
215.000000 116.000000 9.727334 -0.918078
222.000000 114.000000 7.154401 -2.092278
228.000000 114.000000 5.239838 -0.627630
231.000000 114.000000 2.981893 0.356208
232.000000 114.000000 0.944358 0.193689
232.000000 114.000000 -0.030834 0.045042
231.000000 114.000000 -0.100571 -0.574840
233.000000 114.000000 1.057937 0.644999
