111.000000 134.000000 0.793030 0.121330
112.000000 134.000000 0.111586 0.632701
114.000000 135.000000 2.052264 0.155755
118.000000 132.000000 3.985463 -2.075806
125.000000 128.000000 7.687992 -4.208496
135.000000 120.000000 10.094819 -8.012211
145.000000 110.000000 10.029623 -9.847464
155.000000 100.000000 9.947180 -9.935056
163.000000 92.000000 7.449767 -8.017281
171.000000 83.000000 8.537222 -9.942603
180.000000 74.000000 8.195672 -8.426313
187.000000 66.000000 7.831910 -7.679966
193.000000 60.000000 6.040323 -6.750740
198.000000 54.000000 4.107527 -5.189807
200.000000 52.000000 1.995750 -2.016754
202.000000 51.000000 1.982338 -1.028779
202.000000 51.000000 0.021946 -0.292989
201.000000 51.000000 -0.110709 -0.409897
202.000000 51.000000 0.194161 -0.114689
