82.000000 64.000000 -0.056989 0.034179
83.000000 64.000000 0.101333 0.008950
84.000000 66.000000 1.969041 1.046493
90.000000 69.000000 5.033314 3.029110
99.000000 75.000000 9.708234 6.148570
101.000000 76.000000 1.753295 1.178959
101.000000 76.000000 0.000000 0.000000
147.000000 103.000000 46.461032 26.828204
161.000000 111.000000 13.254174 8.722945
171.000000 118.000000 10.706038 6.183837
181.000000 124.000000 9.355137 6.855146
186.000000 128.000000 5.630401 3.827378
190.000000 130.000000 3.144945 1.979344
192.000000 133.000000 2.040548 2.248573
194.000000 135.000000 2.250365 2.146352
195.000000 135.000000 0.717802 0.604853
