81.000000 118.000000 0.134355 0.029141
81.000000 119.000000 0.880327 1.025043
85.000000 119.000000 3.050277 0.050514
93.000000 119.000000 8.062623 0.278733
106.000000 119.000000 13.373169 0.626502
106.000000 119.000000 0.000000 0.000000
155.000000 119.000000 49.532874 -0.933086
162.000000 116.000000 6.142445 -2.115933
162.000000 116.000000 0.000000 0.000000
208.000000 115.000000 46.709784 -1.919144
220.000000 114.000000 11.227507 -0.841062
227.000000 113.000000 7.098567 -0.242487
231.000000 113.000000 4.804894 -0.029934
233.000000 114.000000 1.103951 0.286079
233.000000 114.000000 0.767892 -0.164188
