159.000000 55.000000 -0.077103 0.063869
159.000000 55.000000 0.054287 0.095164
158.000000 56.000000 -0.100136 1.566529
157.000000 59.000000 -1.937815 2.310725
155.000000 65.000000 -1.156015 6.009288
155.000000 72.000000 -0.840111 7.562640
155.000000 80.000000 0.081356 8.354796
155.000000 89.000000 -0.014088 9.016092
154.000000 98.000000 -0.208912 8.138668
154.000000 105.000000 0.035434 7.908398
155.000000 112.000000 0.102576 6.917233
154.000000 118.000000 -1.049169 5.605943
153.000000 122.000000 -0.211092 4.296289
153.000000 124.000000 -0.772008 1.228254
153.000000 125.000000 0.139998 1.943402
154.000000 128.000000 0.895830 2.072054
154.000000 128.000000 0.035349 0.027849
