155.000000 130.000000 0.056321 -0.079185
155.000000 128.000000 0.007869 -1.163532
155.000000 126.000000 0.128529 -2.793664
155.000000 119.000000 0.841823 -6.952990
157.000000 108.000000 1.056496 -11.050472
157.000000 96.000000 0.910848 -12.001239
159.000000 83.000000 1.080224 -12.102519
159.000000 73.000000 0.320396 -10.499640
160.000000 66.000000 0.783091 -7.445190
160.000000 59.000000 0.832377 -6.101254
160.000000 55.000000 -0.094762 -4.241149
161.000000 52.000000 0.195548 -2.748441
162.000000 51.000000 1.017419 -1.828947
162.000000 50.000000 0.014448 -0.122569
