157.000000 152.000000 0.392456 0.146520
157.000000 150.000000 -0.133958 -1.386877
157.000000 142.000000 0.066335 -7.855176
157.000000 132.000000 0.697912 -10.423272
158.000000 119.000000 0.412252 -13.510850
157.000000 105.000000 -0.331099 -13.036298
157.000000 92.000000 -0.054346 -13.075990
156.000000 78.000000 -0.915906 -14.467788
155.000000 65.000000 -1.935528 -12.765225
153.000000 55.000000 -1.091143 -9.794828
153.000000 49.000000 0.035075 -5.934733
153.000000 47.000000 0.012513 -2.359166
153.000000 45.000000 0.010286 -1.686401
153.000000 44.000000 0.000401 -0.953241
154.000000 45.000000 0.714156 0.064578
