77.000000 67.000000 0.122331 0.113959
78.000000 68.000000 0.925667 0.942074
78.000000 68.000000 0.046150 0.803530
80.000000 70.000000 2.516453 1.967036
88.000000 75.000000 7.551332 4.652946
90.000000 77.000000 2.454410 1.567622
90.000000 77.000000 0.000000 0.000000
133.000000 104.000000 43.337444 27.140932
147.000000 113.000000 13.375032 9.019978
162.000000 121.000000 14.711772 8.808569
170.000000 126.000000 8.132436 4.074252
176.000000 128.000000 6.119705 2.013636
178.000000 129.000000 2.641465 1.673849
181.000000 130.000000 2.153075 0.415151
