71.000000 115.000000 0.668770 -0.049702
75.000000 115.000000 4.677805 -0.680260
84.000000 116.000000 8.287935 0.886749
98.000000 117.000000 14.418530 1.753537
111.000000 117.000000 12.549376 -0.115270
112.000000 117.000000 1.273971 -0.257440
112.000000 117.000000 0.000000 0.000000
169.000000 116.000000 57.509064 -0.526522
186.000000 119.000000 17.025844 2.116540
200.000000 118.000000 13.609639 -0.960665
213.000000 118.000000 12.661032 -0.045959
223.000000 118.000000 10.840893 0.865567
229.000000 118.000000 5.780517 -0.200404
232.000000 118.000000 3.143702 -0.679872
233.000000 119.000000 1.105131 1.017038
233.000000 119.000000 -0.085832 0.078995
