182.000000 131.000000 -0.045148 0.210734
181.000000 130.000000 -0.916161 -0.397841
177.000000 128.000000 -3.297785 -2.714481
170.000000 121.000000 -7.673772 -6.260231
159.000000 113.000000 -11.072800 -7.959697
144.000000 104.000000 -14.219024 -9.459223
132.000000 95.000000 -12.208045 -9.056374
123.000000 88.000000 -9.161561 -7.014531
122.000000 87.000000 -1.042214 -0.973004
122.000000 87.000000 0.000000 0.000000
122.000000 87.000000 0.000000 0.000000
122.000000 87.000000 0.000000 0.000000
122.000000 87.000000 0.000000 0.000000
