145.000000 50.000000 -0.040963 0.969332
146.000000 52.000000 0.917917 1.053250
145.000000 55.000000 -0.970788 3.478840
142.000000 64.000000 -2.991824 8.949454
138.000000 69.000000 -4.419357 5.134973
138.000000 69.000000 0.000000 0.000000
105.000000 113.000000 -33.467679 43.446661
94.000000 124.000000 -10.593450 11.151360
84.000000 135.000000 -10.318427 11.116857
77.000000 142.000000 -6.314429 6.739614
76.000000 141.000000 -0.905301 -0.041554
78.000000 141.000000 1.069400 -0.972943
78.000000 140.000000 0.897072 -0.078684
