161.000000 131.000000 0.008791 0.810473
159.000000 129.000000 -1.283232 -1.926023
158.000000 129.000000 -0.896399 -0.797720
156.000000 127.000000 -1.977711 -2.137256
149.000000 121.000000 -7.008745 -5.991670
137.000000 112.000000 -12.068001 -8.136282
132.000000 108.000000 -5.697301 -4.375646
132.000000 108.000000 0.000000 0.000000
93.000000 82.000000 -38.216158 -26.474613
83.000000 75.000000 -10.108580 -7.006426
75.000000 69.000000 -7.783034 -5.263879
73.000000 66.000000 -2.932840 -3.744664
73.000000 65.000000 -0.001416 -0.952097
73.000000 65.000000 0.026036 -0.040380
73.000000 65.000000 0.000000 0.000000
