235.000000 123.000000 -0.245117 -0.045748
235.000000 123.000000 -0.150687 0.015803
232.000000 122.000000 -2.775703 -0.326195
226.000000 122.000000 -6.048167 -0.647336
221.000000 121.000000 -4.981242 -0.267917
214.000000 121.000000 -7.866336 -0.836540
205.000000 120.000000 -9.059465 -0.077271
196.000000 121.000000 -8.094108 0.325795
186.000000 121.000000 -9.997976 0.485476
176.000000 121.000000 -10.910789 -0.481420
162.000000 120.000000 -13.099221 -0.288413
149.000000 121.000000 -13.025106 0.111311
141.000000 120.000000 -8.843894 -1.063218
133.000000 119.000000 -7.084333 -0.069915
130.000000 121.000000 -3.000382 1.086954
132.000000 121.000000 1.049313 0.845381
132.000000 122.000000 0.200230 0.164804
132.000000 122.000000 0.550088 0.011820
132.000000 121.000000 0.157467 -0.196551
