163.000000 52.000000 0.120230 0.049634
162.000000 51.000000 -0.257923 -0.079009
162.000000 53.000000 0.007227 1.104773
162.000000 57.000000 -0.126144 3.986212
161.000000 62.000000 -0.973258 5.381701
161.000000 70.000000 -0.639847 8.228795
160.000000 80.000000 -1.135305 9.489411
158.000000 90.000000 -1.147997 10.855593
157.000000 101.000000 -1.019296 10.149828
156.000000 110.000000 -0.977417 8.959946
155.000000 118.000000 -1.167962 8.013315
154.000000 122.000000 -0.905613 4.055340
154.000000 125.000000 0.035104 3.005937
154.000000 125.000000 0.043013 -0.143620
155.000000 126.000000 0.110191 1.914182
155.000000 128.000000 -0.004906 1.204713
154.000000 128.000000 -0.092484 0.749478
