143.000000 128.000000 1.093099 0.360032
143.000000 128.000000 -0.013094 0.687705
143.000000 128.000000 0.166338 0.113171
142.000000 129.000000 -0.213692 0.006837
144.000000 122.000000 1.032772 -6.023507
143.000000 108.000000 -0.023201 -14.453838
144.000000 98.000000 0.029253 -10.220157
144.000000 98.000000 0.000000 0.000000
146.000000 64.000000 2.861800 -34.007116
147.000000 57.000000 0.135796 -7.277536
147.000000 51.000000 0.722701 -5.714297
149.000000 49.000000 1.306184 -1.308782
148.000000 49.000000 -0.066909 -0.010822
150.000000 49.000000 1.078075 -0.041979
