88.000000 117.000000 0.137976 -0.116692
90.000000 117.000000 1.986599 0.924277
95.000000 117.000000 4.086635 -0.031759
103.000000 117.000000 8.026607 -0.719792
112.000000 116.000000 8.960322 -0.285591
126.000000 116.000000 14.091718 -0.551665
141.000000 116.000000 15.027860 0.504167
152.000000 116.000000 11.787751 -0.129695
152.000000 116.000000 0.000000 0.000000
192.000000 117.000000 39.157504 0.328173
206.000000 117.000000 14.908648 0.097975
218.000000 116.000000 11.147694 -0.964262
228.000000 115.000000 10.856800 -0.443039
235.000000 115.000000 7.006482 -0.647126
238.000000 114.000000 2.952487 -0.219866
239.000000 115.000000 1.016830 0.137638
240.000000 115.000000 0.237353 -0.022023
240.000000 115.000000 0.705794 0.940424
240.000000 116.000000 -0.006073 0.102942
240.000000 116.000000 -0.846982 0.065176
240.000000 116.000000 0.052809 -0.078303
