250.000000 141.000000 -0.018090 -0.674444
249.000000 141.000000 -0.168065 -0.043936
248.000000 142.000000 -1.003635 0.890807
243.000000 141.000000 -5.039504 -0.175433
229.000000 140.000000 -13.942779 -0.920499
224.000000 139.000000 -5.780777 -1.377921
224.000000 139.000000 0.000000 0.000000
148.000000 141.000000 -76.174204 2.393268
146.000000 141.000000 -1.778943 -0.073005
146.000000 141.000000 0.000000 0.000000
90.000000 142.000000 -56.027443 0.245515
86.000000 142.000000 -4.136577 0.131526
86.000000 141.000000 -0.019613 -0.303844
86.000000 141.000000 0.000000 0.000000
