234.000000 115.000000 -0.083363 0.081195
234.000000 116.000000 -0.862276 0.214611
230.000000 115.000000 -3.072521 -0.124715
223.000000 116.000000 -7.105379 0.234300
212.000000 116.000000 -11.038365 0.591607
196.000000 115.000000 -15.857943 -0.850189
181.000000 116.000000 -15.101459 0.277960
165.000000 116.000000 -16.019115 -0.091843
148.000000 116.000000 -17.557175 -0.147845
145.000000 115.000000 -3.271680 -0.568377
145.000000 115.000000 0.000000 0.000000
88.000000 114.000000 -56.138578 -1.300217
79.000000 113.000000 -9.802668 -0.265102
74.000000 113.000000 -5.011821 -0.211483
71.000000 113.000000 -2.133580 -0.544847
72.000000 113.000000 0.073889 0.819559
