132.000000 131.000000 0.727006 -0.873553
134.000000 127.000000 1.925860 -3.867969
137.000000 122.000000 2.345975 -5.942901
139.000000 114.000000 2.754003 -7.745044
144.000000 105.000000 4.126533 -8.509258
148.000000 96.000000 4.262999 -8.897432
150.000000 87.000000 2.638339 -9.078762
152.000000 79.000000 1.919475 -8.412567
154.000000 71.000000 2.040449 -7.483332
156.000000 65.000000 1.186332 -6.148142
157.000000 59.000000 0.928411 -5.854855
158.000000 56.000000 1.902099 -2.997164
159.000000 55.000000 0.879833 -0.998545
159.000000 55.000000 0.118321 -0.896788
160.000000 54.000000 0.105328 -0.070875
160.000000 54.000000 -0.023695 0.034877
