70.000000 115.000000 1.047335 0.136740
70.000000 115.000000 0.887892 0.593341
74.000000 115.000000 4.045091 0.203490
85.000000 117.000000 10.063833 1.085702
99.000000 117.000000 14.549374 0.949668
108.000000 117.000000 9.022837 -0.566001
108.000000 117.000000 0.000000 0.000000
154.000000 116.000000 46.270921 -1.304681
171.000000 115.000000 16.981139 -0.159060
184.000000 115.000000 12.242199 -0.048760
195.000000 114.000000 10.889317 -0.949741
203.000000 114.000000 8.873573 -0.876223
210.000000 114.000000 6.325425 0.064391
213.000000 113.000000 3.707923 -0.248004
215.000000 113.000000 1.831568 0.074474
