217.000000 115.000000 -0.366933 0.173168
217.000000 115.000000 -0.266466 0.175448
215.000000 115.000000 -2.105087 -0.123997
209.000000 114.000000 -5.917499 -0.272289
202.000000 114.000000 -6.927095 0.011233
192.000000 114.000000 -9.213126 0.127200
184.000000 114.000000 -8.103535 -0.087537
175.000000 114.000000 -9.832774 -0.155179
163.000000 115.000000 -11.180899 0.306565
152.000000 115.000000 -11.714365 0.682071
140.000000 115.000000 -11.214326 0.177053
127.000000 117.000000 -13.110158 1.192966
114.000000 117.000000 -13.757884 0.880696
102.000000 118.000000 -11.169000 0.867421
95.000000 118.000000 -7.012288 0.097500
92.000000 118.000000 -3.792730 -0.828024
90.000000 117.000000 -1.129411 -0.129068
