115.000000 126.000000 0.353784 0.093915
115.000000 125.000000 0.745640 -0.172260
119.000000 123.000000 4.080404 -1.977254
126.000000 119.000000 6.976073 -4.077656
136.000000 113.000000 9.984819 -5.906871
147.000000 106.000000 10.945652 -6.991793
158.000000 97.000000 11.099433 -9.659720
167.000000 84.000000 8.208500 -12.363062
175.000000 74.000000 8.463304 -10.908584
181.000000 62.000000 6.320806 -11.044915
186.000000 53.000000 4.095015 -9.689650
190.000000 48.000000 4.029552 -4.424432
191.000000 46.000000 1.856354 -2.777140
193.000000 45.000000 1.095046 -1.106639
193.000000 44.000000 0.006138 -0.004786
193.000000 45.000000 0.959745 0.019481
194.000000 44.000000 0.156061 -0.055144
194.000000 44.000000 0.714509 -0.072534
