142.000000 121.000000 0.937445 -0.081011
142.000000 121.000000 -0.046931 0.076869
143.000000 121.000000 0.092398 0.109025
142.000000 120.000000 -0.009464 -0.319324
140.000000 120.000000 -2.953527 -0.789078
133.000000 118.000000 -6.181035 -1.108406
123.000000 118.000000 -10.113452 -0.956955
109.000000 117.000000 -13.919474 -0.074062
99.000000 116.000000 -9.845332 -1.093066
88.000000 115.000000 -11.148843 -1.262323
77.000000 114.000000 -11.807180 -0.691509
69.000000 114.000000 -7.126592 -0.084747
68.000000 114.000000 -1.835721 0.136413
67.000000 114.000000 -0.151358 -0.859534
68.000000 114.000000 0.102370 0.013697
