156.000000 47.000000 -0.001916 0.059985
156.000000 47.000000 0.057049 0.933296
156.000000 51.000000 0.837055 3.122332
157.000000 57.000000 0.191469 6.547930
157.000000 68.000000 0.652601 10.385185
158.000000 81.000000 1.105005 13.482263
159.000000 91.000000 0.563498 10.011711
159.000000 91.000000 0.000000 0.000000
156.000000 128.000000 -3.378506 36.519227
154.000000 134.000000 -1.919856 6.956402
153.000000 139.000000 -0.232729 4.020904
154.000000 140.000000 0.154380 1.014400
153.000000 140.000000 -0.790462 0.079730
152.000000 139.000000 -0.315084 -0.144446
152.000000 141.000000 0.055677 1.079430
