106.000000 144.000000 0.795931 0.662299
106.000000 144.000000 0.112960 0.086212
107.000000 145.000000 1.681920 0.182708
109.000000 145.000000 1.304924 0.032607
114.000000 143.000000 4.976424 -1.191455
123.000000 142.000000 9.428137 -0.989403
136.000000 142.000000 12.675071 -0.811733
146.000000 140.000000 10.732947 -1.083639
146.000000 140.000000 0.000000 0.000000
203.000000 141.000000 56.960478 0.017389
206.000000 140.000000 2.278256 -0.005740
206.000000 140.000000 0.000000 0.000000
243.000000 138.000000 37.811041 -2.918609
246.000000 138.000000 2.023110 0.094489
248.000000 139.000000 1.987412 1.767846
