229.000000 115.000000 -1.077693 -0.294182
229.000000 115.000000 -0.103240 -0.725505
228.000000 115.000000 -0.922676 -0.026543
225.000000 115.000000 -3.051744 0.696826
220.000000 115.000000 -4.896831 -0.626364
215.000000 114.000000 -5.889986 -0.215149
207.000000 115.000000 -7.108327 0.308863
197.000000 115.000000 -10.196037 -0.245037
185.000000 114.000000 -12.486509 -0.080171
175.000000 115.000000 -10.263441 0.106694
164.000000 115.000000 -10.492609 0.069149
151.000000 115.000000 -12.974011 0.658243
137.000000 114.000000 -14.247904 -0.827945
126.000000 114.000000 -11.145867 0.025403
115.000000 115.000000 -10.272219 0.046993
106.000000 115.000000 -9.886704 0.946140
98.000000 116.000000 -7.977886 0.234775
92.000000 116.000000 -5.907244 0.552057
