94.000000 69.000000 -0.026085 -0.005192
95.000000 69.000000 0.055871 -0.007843
95.000000 70.000000 0.051464 0.098690
97.000000 72.000000 2.020348 2.935318
102.000000 77.000000 5.038589 4.117642
108.000000 82.000000 5.902745 4.957438
116.000000 89.000000 8.583714 7.307546
116.000000 89.000000 0.000000 0.000000
144.000000 112.000000 27.640638 23.644876
157.000000 120.000000 13.395986 7.033414
170.000000 127.000000 12.394019 7.121643
177.000000 133.000000 7.778675 6.001702
182.000000 135.000000 4.292649 1.872751
184.000000 135.000000 1.919266 0.042405
183.000000 135.000000 -0.075202 0.089575
184.000000 134.000000 1.010189 -0.226816
