192.000000 57.000000 -0.092443 0.053349
192.000000 59.000000 -0.037504 1.078997
191.000000 61.000000 -1.087524 1.999100
188.000000 66.000000 -3.637213 5.871659
182.000000 74.000000 -5.485880 7.145409
174.000000 81.000000 -8.704966 7.078528
164.000000 89.000000 -9.917726 8.698219
154.000000 96.000000 -9.976527 6.267000
143.000000 103.000000 -11.027723 7.787882
134.000000 113.000000 -8.919689 9.174839
127.000000 119.000000 -7.184754 6.865142
118.000000 124.000000 -8.106408 4.299997
110.000000 130.000000 -8.695117 5.867429
106.000000 132.000000 -3.402848 2.029099
106.000000 132.000000 -0.734001 -0.121715
106.000000 132.000000 0.741583 0.194296
