139.000000 52.000000 0.070039 -0.062759
140.000000 52.000000 1.946902 0.875233
149.000000 56.000000 8.033521 4.057712
158.000000 63.000000 9.904629 6.287793
158.000000 63.000000 0.000000 0.000000
200.000000 97.000000 41.443552 34.730798
200.000000 97.000000 0.000000 0.000000
231.000000 127.000000 30.637214 29.966363
235.000000 132.000000 4.073464 4.080116
237.000000 132.000000 2.021002 0.841451
238.000000 133.000000 0.933395 0.955829
238.000000 134.000000 0.002103 0.387309
237.000000 134.000000 -0.115461 0.744004
238.000000 134.000000 0.287101 -0.153249
