80.000000 67.000000 0.272660 0.058609
81.000000 66.000000 0.792976 -0.047386
82.000000 66.000000 1.003747 -0.005332
84.000000 68.000000 2.537200 1.402029
93.000000 74.000000 8.651676 5.727899
99.000000 77.000000 6.284551 3.799549
99.000000 77.000000 0.000000 0.000000
136.000000 101.000000 37.475768 23.125342
149.000000 109.000000 12.057403 8.945070
161.000000 118.000000 12.398987 8.405402
172.000000 126.000000 10.796984 7.729336
180.000000 132.000000 7.792131 5.996596
184.000000 134.000000 4.070360 2.842580
186.000000 136.000000 2.728460 1.225239
188.000000 136.000000 1.419985 0.754091
188.000000 137.000000 -0.139153 0.134938
188.000000 137.000000 0.637650 0.296791
189.000000 137.000000 0.384123 0.511193
