196.000000 45.000000 0.981709 0.138565
197.000000 46.000000 0.073723 0.975650
196.000000 47.000000 -0.643571 1.029687
193.000000 49.000000 -2.387693 1.957619
188.000000 55.000000 -5.068453 6.034565
181.000000 62.000000 -6.991551 6.956138
175.000000 71.000000 -6.757651 9.039940
167.000000 80.000000 -8.112999 9.490109
156.000000 90.000000 -10.258007 10.367106
144.000000 101.000000 -11.922943 10.446177
133.000000 111.000000 -11.861325 10.560169
121.000000 119.000000 -11.127997 7.231253
113.000000 125.000000 -8.057967 5.932963
108.000000 128.000000 -4.876452 2.994001
106.000000 132.000000 -2.825066 3.981432
104.000000 134.000000 -1.172679 2.863673
103.000000 136.000000 -1.784478 1.820298
103.000000 136.000000 -0.137173 0.177203
103.000000 135.000000 0.160095 -1.028290
