73.000000 116.000000 0.983501 -0.012160
77.000000 116.000000 3.988384 0.034057
86.000000 116.000000 9.027982 0.002897
101.000000 117.000000 14.915874 1.794211
111.000000 117.000000 10.424094 0.149329
111.000000 117.000000 0.000000 0.000000
161.000000 121.000000 49.636458 3.089629
177.000000 120.000000 16.174053 -0.110286
191.000000 120.000000 13.890492 -0.918695
205.000000 120.000000 13.990942 0.354944
218.000000 121.000000 13.213537 0.589307
227.000000 120.000000 8.777737 -0.101278
231.000000 120.000000 4.771881 0.071202
234.000000 121.000000 2.312717 0.112171
235.000000 121.000000 1.583249 0.766509
236.000000 122.000000 0.251839 0.287727
