106.000000 135.000000 0.947523 0.524923
107.000000 134.000000 0.981245 -0.782161
110.000000 131.000000 2.993642 -2.917349
117.000000 125.000000 7.938537 -6.064312
127.000000 118.000000 9.309202 -7.876588
139.000000 109.000000 12.036315 -8.494231
149.000000 100.000000 10.076573 -9.452041
150.000000 98.000000 1.342921 -1.936156
150.000000 98.000000 0.000000 0.000000
184.000000 60.000000 34.261511 -38.076738
190.000000 51.000000 5.932565 -8.137021
194.000000 46.000000 4.070422 -5.017188
197.000000 44.000000 2.740087 -2.875626
198.000000 43.000000 1.235287 -0.969572
199.000000 43.000000 0.084077 -0.018485
199.000000 42.000000 -0.001999 -0.067495
198.000000 43.000000 -0.108091 0.013003
199.000000 43.000000 0.135597 0.043762
