235.000000 119.000000 0.152395 -0.055657
235.000000 120.000000 0.069999 0.398740
233.000000 119.000000 -1.345180 -0.409263
228.000000 118.000000 -4.916478 -0.817324
219.000000 118.000000 -9.019692 -0.886940
209.000000 117.000000 -10.009122 -0.042269
197.000000 117.000000 -12.895759 -0.459348
183.000000 116.000000 -13.146906 -0.699381
168.000000 116.000000 -15.820734 -0.712871
151.000000 116.000000 -16.555482 0.056998
148.000000 115.000000 -3.181765 -0.678383
148.000000 115.000000 0.000000 0.000000
97.000000 113.000000 -50.465835 -2.431088
81.000000 112.000000 -16.046457 -0.889105
70.000000 112.000000 -10.992266 0.808377
68.000000 112.000000 -1.929346 -0.072038
68.000000 113.000000 -0.900233 0.146094
68.000000 113.000000 0.000000 0.000000
