185.000000 135.000000 0.226283 -0.885084
185.000000 135.000000 -0.008065 0.000125
185.000000 134.000000 0.020650 -0.149566
183.000000 133.000000 -1.959881 -1.097614
178.000000 129.000000 -5.746681 -4.759885
167.000000 122.000000 -10.300002 -6.235605
155.000000 115.000000 -11.964298 -7.725510
142.000000 105.000000 -12.995811 -9.522938
130.000000 97.000000 -11.972598 -8.552739
119.000000 88.000000 -11.495659 -8.104572
107.000000 80.000000 -12.487193 -8.044793
97.000000 74.000000 -9.458636 -6.618702
90.000000 69.000000 -6.605174 -4.331406
85.000000 66.000000 -5.025642 -3.017301
81.000000 64.000000 -4.031002 -1.972919
80.000000 63.000000 -1.876395 -0.950862
80.000000 64.000000 0.968567 0.010729
81.000000 64.000000 0.423127 0.019508
