156.000000 51.000000 -0.735291 -0.084850
155.000000 53.000000 -0.129022 1.043045
156.000000 55.000000 0.037604 1.961136
154.000000 58.000000 -1.006879 3.910303
154.000000 63.000000 -0.232778 5.035338
152.000000 71.000000 -1.792931 7.055481
149.000000 81.000000 -3.043716 10.057313
146.000000 90.000000 -3.298356 9.894440
142.000000 100.000000 -3.662914 9.954275
138.000000 111.000000 -4.188819 10.138753
134.000000 121.000000 -3.892943 10.110919
131.000000 128.000000 -2.895136 6.962942
129.000000 129.000000 -2.110727 1.820675
128.000000 130.000000 -1.100121 0.273820
129.000000 130.000000 0.350986 -0.152746
