153.000000 141.000000 0.002071 0.265237
153.000000 140.000000 -0.023697 -1.011938
152.000000 138.000000 -0.046326 -2.040073
152.000000 134.000000 -0.009335 -4.645118
153.000000 124.000000 0.026736 -10.165633
153.000000 111.000000 0.833146 -13.011538
153.000000 96.000000 -0.753308 -14.435637
151.000000 81.000000 -1.106231 -15.087126
150.000000 68.000000 -1.003370 -13.164745
150.000000 57.000000 -0.975567 -10.915291
148.000000 49.000000 -1.028750 -8.023903
148.000000 43.000000 -0.019551 -5.615130
148.000000 40.000000 -0.442139 -2.982563
149.000000 39.000000 0.516985 -0.898705
150.000000 39.000000 0.980964 -0.757076
