192.000000 56.000000 -0.053045 0.717300
191.000000 56.000000 -0.874968 0.080270
190.000000 58.000000 -0.341708 1.097997
188.000000 60.000000 -2.790985 2.006895
183.000000 66.000000 -4.045638 5.932029
178.000000 74.000000 -5.086949 8.140865
171.000000 83.000000 -6.934776 8.885181
162.000000 94.000000 -9.016879 11.000810
151.000000 103.000000 -10.942602 9.951089
139.000000 114.000000 -12.781724 10.462166
126.000000 122.000000 -12.343822 8.376895
115.000000 127.000000 -11.062312 4.653181
107.000000 130.000000 -7.827977 2.774083
101.000000 133.000000 -6.142906 2.958508
97.000000 136.000000 -4.065589 3.760641
95.000000 138.000000 -1.854976 1.155457
