206.000000 58.000000 -0.085016 -0.021965
206.000000 58.000000 0.126497 0.112839
205.000000 59.000000 -0.177021 0.937144
205.000000 59.000000 -0.008426 0.279660
204.000000 61.000000 -1.087132 2.620122
201.000000 65.000000 -2.915406 3.160770
197.000000 71.000000 -4.100746 5.905517
192.000000 76.000000 -4.974629 5.946351
184.000000 84.000000 -8.815559 7.038367
170.000000 91.000000 -13.160522 7.151043
159.000000 98.000000 -11.027885 6.910709
149.000000 104.000000 -9.901715 6.042832
139.000000 111.000000 -10.035075 6.974129
129.000000 118.000000 -9.945239 6.918322
120.000000 125.000000 -9.591952 7.051538
111.000000 131.000000 -8.762702 6.884617
104.000000 136.000000 -6.746713 5.036646
101.000000 139.000000 -3.736624 2.862409
100.000000 139.000000 -1.152829 0.081369
