83.000000 148.000000 0.954402 0.729242
84.000000 148.000000 1.036634 0.105080
89.000000 146.000000 4.446500 -2.025558
100.000000 140.000000 10.828502 -6.034798
110.000000 135.000000 9.981577 -5.694230
123.000000 129.000000 13.543414 -6.056909
137.000000 120.000000 14.267616 -8.752259
152.000000 110.000000 14.099885 -10.323915
163.000000 101.000000 11.094646 -8.909210
171.000000 91.000000 8.807793 -9.320579
179.000000 81.000000 7.109398 -10.423947
183.000000 73.000000 4.806481 -7.899987
188.000000 66.000000 4.245569 -7.456793
190.000000 60.000000 2.731860 -6.014702
191.000000 57.000000 1.154564 -3.032047
192.000000 57.000000 0.989447 0.067119
192.000000 56.000000 -0.010550 -0.095600
192.000000 56.000000 -0.004422 -0.951006
192.000000 56.000000 -0.367344 0.049332
