249.000000 134.000000 0.172759 1.003850
249.000000 134.000000 0.845124 0.104373
248.000000 134.000000 -0.977394 0.592194
248.000000 134.000000 -0.066590 0.084100
248.000000 134.000000 -0.018947 -0.081098
247.000000 134.000000 -0.954680 0.033593
247.000000 135.000000 -0.276959 0.187970
246.000000 134.000000 -0.745144 -0.081566
244.000000 134.000000 -1.934379 -0.843549
242.000000 132.000000 -2.025235 -1.283405
238.000000 128.000000 -4.022416 -4.780524
234.000000 120.000000 -4.104348 -7.441481
227.000000 110.000000 -7.838936 -10.521285
215.000000 99.000000 -11.944677 -10.683870
201.000000 89.000000 -13.485157 -10.123105
189.000000 80.000000 -11.845072 -8.964757
189.000000 80.000000 0.000000 0.000000
151.000000 58.000000 -38.705855 -21.439017
139.000000 53.000000 -11.992277 -4.892774
135.000000 52.000000 -3.960558 -1.035043
133.000000 51.000000 -1.185014 -1.059778
134.000000 51.000000 0.176550 0.002484
135.000000 51.000000 1.584732 0.032499
136.000000 51.000000 0.439224 -0.414388
