202.000000 51.000000 -0.858773 0.488028
202.000000 52.000000 0.058375 0.113164
201.000000 53.000000 -0.191894 1.092966
199.000000 55.000000 -2.838749 1.941410
194.000000 59.000000 -5.021664 4.937063
188.000000 67.000000 -5.942676 7.328000
179.000000 76.000000 -8.188361 8.707517
169.000000 87.000000 -9.945830 11.155995
159.000000 97.000000 -10.828691 10.805590
146.000000 106.000000 -12.132084 8.136092
134.000000 112.000000 -12.926096 6.813281
123.000000 119.000000 -10.100261 6.094729
118.000000 123.000000 -4.988143 4.851541
116.000000 124.000000 -2.964719 0.798656
113.000000 126.000000 -2.069377 1.390713
113.000000 126.000000 -0.815234 0.731354
