151.000000 39.000000 -0.034963 0.028362
150.000000 39.000000 -0.134684 0.146875
150.000000 39.000000 -0.148712 0.749963
150.000000 41.000000 0.087615 1.069625
150.000000 45.000000 0.052378 4.035219
150.000000 51.000000 0.000242 5.982772
151.000000 61.000000 0.497800 10.003990
152.000000 73.000000 1.572531 12.169066
154.000000 86.000000 1.966871 12.906492
156.000000 98.000000 1.091102 12.016742
157.000000 108.000000 0.968546 10.785103
157.000000 117.000000 0.975114 9.051965
157.000000 122.000000 -0.155524 4.218837
157.000000 127.000000 -0.784452 4.839238
157.000000 128.000000 0.115526 1.930588
158.000000 129.000000 0.874435 0.210946
