199.000000 44.000000 -0.859753 0.114571
198.000000 44.000000 -0.908727 0.043128
196.000000 45.000000 -1.181485 1.032534
193.000000 47.000000 -3.058928 2.869700
190.000000 52.000000 -2.875409 4.988834
187.000000 59.000000 -3.920137 6.121746
180.000000 67.000000 -6.215037 7.948375
173.000000 75.000000 -7.796077 8.059996
163.000000 83.000000 -9.999367 7.949140
151.000000 94.000000 -11.165525 11.042903
138.000000 103.000000 -13.484819 9.902940
125.000000 113.000000 -12.477454 9.970330
111.000000 126.000000 -14.108827 12.368954
100.000000 134.000000 -11.750610 8.681546
87.000000 140.000000 -12.152524 5.127922
79.000000 144.000000 -7.942155 4.702240
77.000000 145.000000 -1.971834 1.103843
78.000000 145.000000 0.017054 0.002005
78.000000 145.000000 -0.000692 0.031518
