86.000000 127.000000 0.089884 0.035002
86.000000 127.000000 -0.079112 -0.107938
86.000000 127.000000 0.000000 0.000000
86.000000 127.000000 0.004726 -0.538263
88.000000 127.000000 1.307326 0.033367
96.000000 125.000000 7.814030 -2.202596
105.000000 119.000000 9.052944 -5.112346
115.000000 113.000000 10.073617 -5.998776
126.000000 108.000000 10.992972 -5.942831
137.000000 101.000000 10.908144 -6.696886
149.000000 93.000000 12.889471 -7.383306
160.000000 84.000000 10.946451 -9.566507
170.000000 76.000000 10.124598 -7.533647
180.000000 72.000000 9.063772 -4.790805
185.000000 66.000000 5.014603 -5.956429
189.000000 61.000000 3.962542 -4.107338
192.000000 59.000000 3.014300 -2.332840
193.000000 58.000000 1.106575 -1.260582
194.000000 57.000000 0.851515 -0.509082
194.000000 57.000000 0.127976 -0.806672
194.000000 56.000000 -0.127172 -0.232547
194.000000 56.000000 0.020169 0.051640
