99.000000 139.000000 1.032772 0.046126
99.000000 138.000000 0.582208 -0.193807
103.000000 138.000000 4.204933 -0.946228
112.000000 133.000000 9.030374 -4.142735
125.000000 127.000000 12.532436 -6.809522
139.000000 118.000000 13.758661 -8.849729
143.000000 114.000000 4.384980 -4.073408
143.000000 114.000000 0.000000 0.000000
182.000000 88.000000 38.500323 -25.331921
189.000000 80.000000 7.942316 -8.811244
195.000000 73.000000 5.703302 -6.174290
200.000000 67.000000 4.431736 -5.887601
203.000000 63.000000 2.951586 -4.894475
204.000000 60.000000 1.951892 -2.875260
206.000000 58.000000 1.121129 -1.217775
206.000000 58.000000 0.000000 0.000000
206.000000 58.000000 0.487164 0.019445
206.000000 58.000000 0.341121 -0.108344
